4.99817
4.99822
4.99792
4.99811
4.99846
4.99798
4.99817
4.99818
4.99823
4.99823
4.99802
4.99831
4.99837
4.99834
4.99838
4.9982
4.99822
4.99833
4.99825
4.99831
4.99805
4.9982
4.99828
4.99834
4.99802
4.99821
4.99819
4.99849
4.99831
4.99821
4.99798
4.99849
4.9981
4.99827
4.99835
4.99815
4.99822
4.99829
4.99795
4.99811
4.99828
4.99822
4.99811
4.99823
4.99813
4.9982
4.99817
4.99793
4.99831
4.99812
4.99826
4.99824
4.99823
4.99809
4.99811
4.99816
4.99817
4.99808
4.99829
4.99828
4.99839
4.99823
4.99839
4.9979
4.99805
4.99815
4.99795
4.99782
4.99824
4.99806
4.9983
4.99815
4.99799
4.99837
4.99799
4.99825
4.99822
4.99806
4.99793
4.99831
4.99819
4.99851
4.99824
4.99814
4.99824
4.99842
4.99834
4.99815
4.99809
4.99793
4.99827
4.99797
4.99847
4.99827
4.99817
4.9982
4.99831
4.99802
4.99777
4.99818
4.998
4.99812
4.99837
4.99816
4.9982
4.99819
4.99821
4.99817
4.99807
4.99823
4.99848
4.99789
4.99828
4.99825
4.99846
4.99806
4.9982
4.99811
4.99822
4.99814
4.99815
4.99832
4.99826
4.99804
4.99836
4.99817
4.99803
4.99841
4.99814
4.99807
4.99802
4.99796
4.99806
4.99793
4.99805
4.99798
4.99775
4.99803
4.99802
4.9981
4.99799
4.9983
4.9981
4.99804
4.99781
4.99822
4.99846
4.99827
4.99781
4.99823
4.99803
4.99819
4.9982
4.99789
4.99802
4.99839
4.99824
4.99814
4.99833
4.99809
4.99803
4.99809
4.99829
4.998
4.99802
4.99814
4.99819
4.99809
4.99798
4.99787
4.99793
4.99797
4.9982
4.99802
4.99798
4.99813
4.99797
4.99782
4.99804
4.99812
4.99804
4.99786
4.99798
4.99817
4.99819
4.99833
4.99847
4.99822
4.99819
4.99847
4.9982
4.99815
4.99803
4.99815
4.99819
4.9981
4.99797
4.99799
4.99798
4.99785
4.99795
4.99809
4.99768
4.9981
4.9981
4.99804
4.99817
4.99799
4.99798
4.99811
4.99824
4.99824
4.99804
4.99795
4.99826
4.99789
4.99838
4.99818
4.998
4.99802
4.99801
4.99793
4.99826
4.99816
4.99813
4.99784
4.99791
4.99817
4.99828
4.99805
4.99802
4.99805
4.99803
4.99833
4.99822
4.99802
4.9983
4.99822
4.99826
4.99796
4.99783
4.99829
4.9982
4.99802
4.99791
4.99792
4.99826
4.99791
4.9978
4.99809
4.99782
4.99838
4.99796
4.99806
4.99804
4.9982
4.99791
4.99791
4.99831
4.9979
4.99783
4.99761
4.99802
4.9982
4.99797
4.9979
4.99783
4.99813
4.99776
4.99795
4.998
4.99804
4.99817
4.99794
4.99788
4.99786
4.99823
4.99765
4.99787
4.99805
4.99802
4.99781
4.9981
4.99771
4.99795
4.99804
4.99838
4.99809
4.99794
4.99781
4.99779
4.9983
4.9981
4.99809
4.99805
4.99814
4.99793
4.99817
4.99817
4.9979
4.99799
4.99806
4.99806
4.99789
4.99785
4.9977
4.99789
4.99771
4.99781
4.99783
4.99815
4.9978
4.9978
4.99789
4.99782
4.99813
4.99779
4.99829
4.99809
4.99793
4.99793
4.99809
4.99819
4.99791
4.99784
4.99796
4.99797
4.99811
4.99822
4.99803
4.998
4.99818
4.99837
4.99789
4.99833
4.99806
4.99818
4.99819
4.99809
4.99848
4.99774
4.99779
4.9981
4.9981
4.9978
4.99794
4.99819
4.99799
4.99808
4.99796
4.99802
4.99783
4.9981
4.99803
4.99808
4.99781
4.99829
4.99804
4.99821
4.99805
4.99803
4.99787
4.99809
4.99803
4.99763
4.99807
4.99806
4.99813
4.99785
4.99789
4.99783
4.99829
4.99824
4.99804
4.99815
4.99794
4.99806
4.9978
4.99791
4.99805
4.99807
4.99793
4.99814
4.99817
4.99768
4.9978
4.99801
4.9981
4.99825
4.99829
4.99806
4.99773
4.99816
4.99794
4.99801
4.99776
4.99786
4.998
4.99826
4.99788
4.99809
4.99784
4.9979
4.99834
4.99805
4.99793
4.99815
4.99819
4.99818
4.9982
4.9981
4.9978
4.99811
4.99805
4.99837
4.99795
4.99797
4.99809
4.99797
4.99825
4.99842
4.99786
4.99819
4.99799
4.99764
4.99794
4.99793
4.99799
4.99802
4.99816
4.99819
4.99784
4.99789
4.99808
4.99828
4.99798
4.99803
4.9982
4.99798
4.99805
4.99784
4.99812
4.99793
4.9977
4.99779
4.99795
4.99785
4.99817
4.99811
4.998
4.99786
4.99792
4.99829
4.998
4.99809
4.998
4.9981
4.99811
4.99799
4.99796
4.99798
4.99805
4.99782
4.99801
4.99795
4.99807
4.99815
4.99817
4.9978
4.99809
4.99816
4.99781
4.99799
4.99786
4.99781
4.99772
4.99821
4.9979
4.99823
4.99784
4.99778
4.99837
4.99841
4.99818
4.99836
4.99822
4.9981
4.99811
4.99815
4.99814
4.99823
4.99789
4.99845
4.99813
4.99787
4.99812
4.99814
4.99812
4.99789
4.99801
4.99808
4.99813
4.99781
4.99815
4.99792
4.99806
4.99794
4.99803
4.99806
4.99781
4.99808
4.99824
4.99811
4.99821
4.99805
4.99838
4.99799
4.99798
4.99822
4.99782
4.99795
4.9982
4.9981
4.99794
4.99832
4.99848
4.99808
4.99796
4.99814
4.99834
4.99841
4.99816
4.99826
4.99829
4.9984
4.99803
4.99813
4.99832
4.99818
4.99835
4.99837
4.99849
4.99813
4.99834
4.99847
4.99817
4.99814
4.99839
4.99785
4.9983
4.99816
4.99822
4.99831
4.99818
4.99805
4.99813
4.99829
4.99797
4.99801
4.99805
4.99803
4.99801