4.93548
4.93518
4.93539
4.93578
4.93542
4.93557
4.93515
4.93533
4.93551
4.93543
4.93534
4.93536
4.93528
4.93522
4.9354
4.93595
4.93583
4.93555
4.93553
4.9355
4.9355
4.9354
4.93549
4.93574
4.93558
4.93537
4.93529
4.93562
4.93542
4.93549
4.93538
4.93532
4.93554
4.93549
4.93536
4.93574
4.9354
4.93584
4.93535
4.93575
4.93549
4.93516
4.93588
4.9354
4.9355
4.93609
4.93546
4.93569
4.93549
4.93551
4.93534
4.93565
4.93538
4.93566
4.93537
4.93516
4.93539
4.93549
4.9355
4.9358
4.93556
4.9355
4.93542
4.93542
4.93513
4.93576
4.93548
4.93567
4.93544
4.93569
4.93553
4.93525
4.93518
4.93564
4.93522
4.93522
4.93538
4.93523
4.93516
4.93521
4.93511
4.93531
4.93541
4.93521
4.93556
4.93576
4.93522
4.93554
4.9354
4.93537
4.93556
4.93529
4.93525
4.93545
4.93513
4.93555
4.93578
4.93522
4.93542
4.93542
4.93532
4.93542
4.93555
4.93571
4.93551
4.93578
4.9354
4.93538
4.93568
4.93595
4.93531
4.9355
4.93563
4.93534
4.93531
4.93557
4.9356
4.93526
4.93535
4.93549
4.93551
4.93523
4.93585
4.9357
4.93566
4.93536
4.93558
4.9356
4.93577
4.93568
4.93562
4.93578
4.93519
4.93547
4.93551
4.93571
4.93547
4.93542
4.93595
4.93596
4.93504
4.93575
4.93536
4.93524
4.93543
4.93572
4.9356
4.93521
4.9352
4.9354
4.93512
4.93569
4.93565
4.93556
4.9354
4.9352
4.93527
4.93581
4.93544
4.93531
4.93552
4.93532
4.93487
4.93564
4.93497
4.93508
4.93539
4.93544
4.93541
4.9358
4.93509
4.93516
4.93482
4.93498
4.93495
4.93525
4.93506
4.93526
4.93543
4.93537
4.93508
4.93525
4.93537
4.93506
4.93537
4.93528
4.93535
4.93509
4.93519
4.93532
4.93494
4.93519
4.93518
4.93558
4.93549
4.93551
4.93532
4.93547
4.93547
4.93544
4.93569
4.93532
4.93548
4.93529
4.93562
4.93548
4.93573
4.93569
4.93525
4.93578
4.93557
4.93534
4.93553
4.93583
4.93551
4.93548
4.93563
4.93567
4.93521
4.93549
4.93497
4.93529
4.93548
4.93538
4.93541
4.93536
4.93571
4.93551
4.93553
4.9356
4.93538
4.93549
4.93541
4.93565
4.93559
4.93559
4.93563
4.93491
4.93531
4.93477
4.93507
4.9352
4.9354
4.93523
4.93548
4.93519
4.93574
4.93505
4.93558
4.93513
4.93552
4.93513
4.93541
4.93519
4.93515
4.93562
4.93537
4.9356
4.93538
4.93587
4.93529
4.93563
4.93534
4.93525
4.935
4.93546
4.93535
4.93534
4.93552
4.93502
4.93524
4.9353
4.93499
4.93541
4.93522
4.93495
4.935
4.93505
4.93542
4.93532
4.93517
4.93524
4.93514
4.93509
4.9358
4.93505
4.93521
4.93521
4.93543
4.93521
4.9351
4.93508
4.93519
4.9353
4.93547
4.93549
4.93564
4.93557
4.93543
4.93555
4.93569
4.93539
4.93511
4.93519
4.93509
4.93538
4.9354
4.93514
4.93543
4.93487
4.93552
4.93529
4.93535
4.93516
4.93508
4.93499
4.93478
4.93479
4.93603
4.93553
4.9347
4.93511
4.93494
4.93527
4.93545
4.93489
4.93489
4.93542
4.93534
4.93524
4.9349
4.93503
4.93533
4.93526
4.93531
4.93511
4.93558
4.93536
4.93505
4.93535
4.93464
4.93553
4.93572
4.93496
4.93518
4.93554
4.93539
4.93531
4.93523
4.93557
4.93498
4.93514
4.93548
4.93523
4.93557
4.93519
4.93554
4.93522
4.93528
4.93514
4.93532
4.93502
4.93545
4.93507
4.93545
4.93536
4.93513
4.93529
4.93523
4.93517
4.93509
4.93553
4.93579
4.93517
4.93531
4.93533
4.9358
4.93503
4.93537
4.93552
4.93509
4.93578
4.93546
4.93551
4.93517
4.93509
4.935
4.93499
4.93542
4.93571
4.9354
4.93537
4.93493
4.93526
4.93545
4.9354
4.93537
4.93539
4.9351
4.9354
4.93514
4.93508
4.93564
4.93548
4.935
4.93516
4.9353
4.93498
4.93528
4.93526
4.93512
4.93528
4.93544
4.93501
4.93525
4.93515
4.93536
4.93524
4.93531
4.93521
4.93527
4.93538
4.93496
4.93563
4.93529
4.93547
4.93507
4.93508
4.93543
4.93517
4.93526
4.93532
4.93524
4.93524
4.93509
4.9354
4.93551
4.93533
4.93532
4.93541
4.93504
4.93505
4.93506
4.93556
4.93501
4.93547
4.93555
4.93531
4.9352
4.93489
4.93492
4.93526
4.93523
4.93516
4.93535
4.93508
4.93489
4.93515
4.93534
4.93502
4.93606
4.93501
4.93536
4.93517
4.93526
4.93537
4.93554
4.93588
4.93529
4.93524
4.93528
4.9352
4.93521
4.93503
4.93545
4.93483
4.93555
4.93496
4.93508
4.93514
4.93566
4.93549
4.93491
4.93541
4.9352
4.93511
4.93533
4.93526
4.93552
4.93518
4.9351
4.935
4.9357
4.93521
4.93516
4.93509
4.93563
4.93509
4.93539
4.935
4.93524
4.9357
4.93548
4.93536
4.93506
4.93512
4.9349
4.9354
4.93529
4.93509
4.93544
4.93534
4.93521
4.93508
4.93551
4.93526
4.93521
4.93506
4.93522
4.93477
4.93542
4.93534
4.93546
4.93544
4.93542
4.93566
4.93515
4.93586
4.93514
4.93536
4.93498
4.93534
4.93536
4.93526
4.93489
4.93533
4.93505
4.93495
4.93521
4.93526
4.93535
4.93522
4.93506
4.9349
4.93534
4.93538
4.93523
4.93545
4.93511
4.93546
4.935
4.93525
4.93543
4.93507
4.93493
4.93548
4.93505
4.93481
4.93539
4.93549
4.93483
4.9356
4.93566
4.93548
4.93524
4.93517
4.93549
4.93545
4.93516
4.93508
4.93509
4.93552
4.93557
4.93496
4.93534
4.93513
4.93542
4.93528
4.93549
4.93533
4.93545
4.9348
4.93508
4.93522
4.93544
4.93533
4.93524
4.93535
4.93521
4.93524
4.93524
4.93551
4.93526
4.93519
4.93546
4.93533
4.9354
4.93521
4.93546
4.93533
4.93501
4.93547
4.93516
4.93509
4.9354
4.93519
4.93485
4.93486
4.93498
4.93495
4.93544
4.93515
4.9353
4.93522
4.93467
4.93514
4.93518
4.93542
4.93544
4.9354
4.93536
4.93543
4.93526
4.93545
4.93496
4.93527
4.93561
4.93518
4.93569
4.93535
4.93539
4.93506
4.93486
4.93495
4.93534
4.9353
4.93545
4.93518
4.93508
4.93518
4.93535
4.93508
4.93516
4.93471
4.93519
4.93504
4.9354
4.93551
4.93494
4.93503
4.93543
4.93547
4.93533
4.93529
4.93514
4.93547
4.93538
4.93526
4.93572
4.93526
4.93505
4.93531
4.9352
4.93499
4.93547
4.93536
4.93523
4.93548
4.9352
4.93482
4.93532
4.93527
4.93496
4.93499
4.93481
4.93525
4.93475
4.93524
4.93502
4.9347
4.93547
4.935
4.93518
4.9355
4.93539
4.93522
4.9352
4.93567
4.93491
4.93515
4.93537
4.93519
4.93486
4.93549
4.93543
4.93518
4.93514
4.93501
4.93567
4.93518
4.93517
4.93506
4.93502
4.93494
4.9355
4.93512
4.93512
4.93479
4.93545
4.93489
4.93515
4.93545
4.93552
4.93544
4.93551
4.93537
4.93548
4.9352
4.93501
4.93561
4.93526
4.9351
4.93519
4.93517
4.93555
4.93484
4.93558
4.93533
4.93539
4.93531
4.93525
4.93519
4.93552
4.93553
4.93496
4.93541
4.93533
4.93497
4.93527
4.93537
4.9352
4.93575
4.93524
4.93529
4.93502
4.9351
4.93558
4.9356
4.93525
4.93505
4.9352
4.93484
4.93527
4.93505
4.93525
4.93519
4.93505
4.93518
4.93532
4.93522
4.93529
4.93546
4.93521
4.93544
4.93525
4.9353
4.93549
4.93528
4.93558
4.935
4.93483
4.93552
4.93504
4.93503
4.93561
4.93525
4.93495
4.93458
4.93499
4.93517
4.9349
4.93529
4.93523
4.93491
4.93491
4.93492
4.93557
4.93515
4.93538
4.93559
4.93557
4.93514
4.93556
4.93506
4.93513
4.93503
4.9352
4.93537
4.93503
4.93558
4.93541
4.93541
4.93576
4.93548
4.9351
4.93524
4.93547
4.93534
4.93511
4.93553
4.93524
4.93551
4.93538
4.93536