5.00342
5.00333
5.00328
5.0034
5.00319
5.00341
5.00341
5.00306
5.00337
5.00336
5.0034
5.00357
5.00332
5.00316
5.00353
5.00337
5.00346
5.00345
5.00339
5.0034
5.00341
5.00314
5.0033
5.00311
5.0034
5.00315
5.00346
5.00331
5.00333
5.00334
5.00334
5.00341
5.00317
5.00359
5.00345
5.00332
5.00336
5.0032
5.00339
5.00332
5.00337
5.00335
5.00344
5.00355
5.00344
5.00316
5.00325
5.00321
5.00339
5.0035
5.00365
5.00335
5.0034
5.00308
5.00326
5.00355
5.00315
5.00326
5.00339
5.00344
5.00318
5.00332
5.00311
5.00342
5.00316
5.00329
5.00312
5.00337
5.00314
5.00346
5.0033
5.00333
5.00325
5.00329
5.00323
5.00304
5.0031
5.00335
5.0031
5.00313
5.00302
5.00326
5.00312
5.00351
5.00324
5.00315
5.00317
5.00329
5.00342
5.00303
5.00311
5.00337
5.00334
5.00332
5.00339
5.00319
5.0031
5.00325
5.00333
5.00324
5.00322
5.00313
5.00294
5.00321
5.00313
5.00332
5.00317
5.00312
5.00344
5.00349
5.00335
5.00332
5.00315
5.00324
5.0031
5.00317
5.00326
5.00351
5.00311
5.00306
5.00341
5.00336
5.00326
5.00323
5.00304
5.00348
5.00318
5.0031
5.00317
5.00336
5.00341
5.00315
5.00342
5.00314
5.00356
5.0032
5.0032
5.00332
5.00341
5.00317
5.00308
5.00328
5.00331
5.00321
5.00309
5.00324
5.00319
5.00311
5.00318
5.00332
5.00323
5.00326
5.00327
5.00334
5.00316
5.00317
5.00343
5.0036
5.00343
5.00339
5.00337
5.00351
5.00321
5.00327
5.00335
5.00349
5.00348
5.00317
5.0034
5.00308
5.00352
5.00329
5.00343
5.00342
5.00327
5.00332
5.00352
5.00358
5.0033
5.00319
5.00346
5.00332
5.00337
5.00344
5.00342
5.00369
5.0035
5.00355
5.00343
5.00332
5.00352
5.00363
5.00328
5.00343
5.00354
5.00335
5.00338
5.00342
5.00355
5.00365
5.00348
5.00339
5.00344
5.00303
5.00346
5.00348
5.00322
5.00329
5.00346
5.00336
5.00339
5.00342
5.00344
5.00356
5.00334
5.00346
5.00319
5.00331
5.00322
5.00313
5.00337
5.00343
5.00331
5.00335
5.00347
5.00347
5.00373
5.00399
5.00345
5.00335
5.00348
5.00352
5.00301
5.0033
5.00356
5.00349
5.00365
5.00357
5.0037
5.00355
5.00347
5.00332
5.00362
5.00336
5.00361
5.00361
5.00358
5.00345
5.00347
5.00343
5.00348
5.00333
5.00353
5.00355
5.00377
5.00348
5.00364
5.00352
5.00353
5.0035
5.00353
5.00336
5.0035
5.00333
5.00326
5.00342
5.00351
5.00332
5.00324
5.00368
5.00338
5.0033
5.00327
5.00346
5.00344
5.00342
5.0033
5.00352
5.00326
5.00359
5.00326
5.00334
5.00345
5.00353
5.00334
5.00356
5.00335
5.00339
5.00327
5.00368
5.00345
5.00332
5.00336
5.00328
5.00342
5.00353
5.00326
5.0035
5.00352
5.00312
5.00345
5.00363
5.00344
5.00349
5.00342
5.00339
5.00341
5.00346
5.0035
5.00338
5.00338
5.00327
5.00331
5.00373
5.00349
5.00331
5.00343
5.00351
5.00335
5.00362
5.00335
5.00365
5.00358
5.00342
5.00357
5.00336
5.00347
5.00321
5.00325
5.0035
5.00336
5.00346
5.00353
5.00329
5.00334
5.00328
5.0032
5.00303
5.00321
5.00319
5.00289
5.00334
5.003
5.00345
5.00345
5.00328
5.00326
5.0035
5.00323
5.00335
5.00329
5.00336
5.0034
5.00331
5.00336
5.00323
5.00334
5.00338
5.00351
5.0036
5.00368
5.00352
5.00334
5.00341
5.00346
5.00333
5.00319
5.00353
5.0035
5.0035
5.00359
5.00346
5.00352
5.00327
5.00338
5.00346
5.00349
5.00323
5.00326
5.00343
5.00328
5.00331
5.0034
5.00354
5.00341
5.00337
5.00316
5.00313
5.00349
5.00334
5.00323
5.00346
5.00325
5.00345
5.00327
5.00347
5.0034
5.0033
5.00326
5.00338
5.00326
5.00317
5.00325
5.00346
5.00348
5.00322
5.00336
5.00338
5.00339
5.00322
5.00341
5.00325
5.00333
5.00357
5.00328
5.00327
5.00349
5.00321
5.00325
5.00333
5.00326
5.00364
5.00352
5.00341
5.00358
5.00337
5.00344
5.00341
5.00315
5.00336
5.00332
5.00336
5.00358
5.00357
5.00315
5.00351
5.0033
5.00346
5.0033
5.0034
5.0036
5.00346
5.00331
5.00351
5.00336
5.0034
5.00328
5.00306
5.00335
5.00332
5.00351
5.0032
5.00309
5.00305
5.00308
5.00314
5.00324
5.00323
5.00325
5.00308
5.00323
5.00313
5.00332
5.00321
5.00309
5.00314
5.00302
5.00308
5.00319
5.00289
5.00329
5.00316
5.00324
5.00315
5.0032
5.00324
5.00317
5.00286
5.0033
5.00341
5.00313
5.0032
5.00342
5.00357
5.00331
5.00327
5.00325
5.00332
5.00338
5.00325
5.00333
5.00343
5.00288
5.00301
5.00297
5.00323
5.00351
5.00309
5.00337
5.00321
5.00345
5.00316
5.00308
5.00327
5.00318
5.00338
5.00332
5.00325
5.00318
5.0032
5.00325
5.00324
5.00339
5.00328
5.00347
5.00331
5.00342
5.00315
5.00324
5.00351
5.00338
5.00312
5.00297
5.00323
5.00305
5.00306
5.00331
5.00304
5.00294
5.00304
5.00325
5.00309
5.0031
5.00331
5.00323
5.0032
5.00323
5.00318
5.00321
5.00328
5.003
5.00299
5.0033
5.00316
5.00309
5.0033
5.00316
5.0032
5.00314
5.00313
5.00329
5.00323
5.00324
5.00361
5.00338
5.00319
5.00335
5.00334
5.00321
5.00312
5.00321
5.0031
5.00304
5.00321
5.003
5.00332
5.00325
5.00345
5.00336
5.00345
5.00346
5.00331
5.00334
5.00321
5.00305
5.00309
5.00302
5.00324
5.00321
5.00302
5.003
5.00306
5.00322
5.00326
5.00317
5.00329
5.00331
5.00324
5.00312
5.00318
5.00347
5.0031
5.00304
5.00323
5.00309
5.00316
5.00307
5.00313
5.00318
5.00303
5.00292
5.00315
5.00334
5.00309
5.00311
5.00305
5.00329
5.00314
5.00316
5.00317
5.00302
5.00336
5.00305
5.0029
5.00297
5.00314
5.00315
5.00298
5.00304
5.00318
5.00338
5.00309
5.00306
5.00327
5.00306
5.00317
5.00315
5.00312
5.00325
5.00308
5.00317
5.00316
5.00324
5.00307
5.00327
5.0031
5.00317
5.00327
5.00338
5.00336
5.00308
5.00312
5.00354
5.00318
5.0032
5.00316
5.00326
5.00332
5.0033
5.00315
5.00318
5.00309
5.00314
5.00338
5.0032
5.00323
5.00336
5.00333
5.00329
5.00309
5.00334
5.00332
5.00336
5.00306
5.00318
5.00315
5.00316
5.00313
5.00315
5.00344
5.00329
5.00314
5.00326
5.00333
5.00305
5.0035
5.0033
5.00335
5.00332
5.00343
5.00325
5.00341
5.00318
5.00329
5.00313
5.00319
5.00316
5.00313
5.00348
5.00326
5.00325
5.00314
5.00331
5.00336
5.00313
5.00356
5.00321
5.0033
5.00335
5.00324
5.00341
5.00338
5.00341
5.00331
5.00318
5.00351
5.00322
5.00317
5.00306
5.00317
5.00346
5.00312
5.00332
5.00337
5.00322
5.00338
5.00304
5.00314
5.00322
5.00347
5.00348
5.00328
5.00344
5.00352
5.00367
5.00324
5.00309
5.00359
5.00348
5.00339
5.00343
5.0033
5.00319
5.00333
5.00325
5.00321
5.00303
5.00297
5.00304
5.00321
5.00304
5.00311