5.00692
5.00648
5.00656
5.00662
5.00664
5.00667
5.0069
5.0067
5.00661
5.0066
5.00674
5.00681
5.00674
5.00647
5.00699
5.00687
5.00668
5.00661
5.00653
5.00648
5.00668
5.00666
5.0069
5.00691
5.00654
5.0067
5.00662
5.00648
5.0065
5.00655
5.00649
5.00656
5.00675
5.00689
5.00668
5.00676
5.00665
5.00649
5.00643
5.00681
5.00661
5.00672
5.00662
5.00665
5.00636
5.00652
5.00671
5.00668
5.00641
5.00684
5.00651
5.00662
5.00672
5.00662
5.00655
5.00679
5.00693
5.00674
5.00669
5.00668
5.00661
5.00676
5.00669
5.0069
5.00681
5.00674
5.00701
5.00709
5.0069
5.00681
5.00685
5.00662
5.0067
5.00701
5.00692
5.00692
5.0068
5.00669
5.00681
5.0068
5.00665
5.00683
5.00672
5.00664
5.00697
5.00669
5.00672
5.00688
5.00664
5.00657
5.00676
5.00688
5.00676
5.00677
5.00679
5.00645
5.00671
5.00709
5.00685
5.0069
5.00691
5.00681
5.00684
5.00684
5.00695
5.00695
5.0069
5.00662
5.00682
5.00672
5.00696
5.0068
5.00661
5.0068
5.00685
5.00706
5.00694
5.00685
5.00675
5.00691
5.00666
5.0067
5.00692
5.0068
5.00706
5.0071
5.00691
5.00685
5.00704
5.00683
5.00673
5.00681
5.00672
5.00678
5.00686
5.00673
5.00675
5.00705
5.00715
5.0067
5.00688
5.00702
5.00682
5.00688
5.00692
5.00676
5.00682
5.00689
5.00691
5.00685
5.00699
5.00694
5.0068
5.00676
5.00701
5.00696
5.00694
5.00688
5.00678
5.00678
5.00703
5.00705
5.00703
5.00685
5.00689
5.00693
5.00682
5.00693
5.00697
5.00701
5.0069
5.00683
5.00708
5.00686
5.00703
5.00687
5.00683
5.00694
5.00696
5.00693
5.00693
5.00719
5.00694
5.00708
5.00696
5.00699
5.00709
5.00699
5.00696
5.00674
5.00674
5.00681
5.00674
5.00678
5.00686
5.00673
5.00713
5.00675
5.00701
5.00689
5.00697
5.0069
5.0068
5.00676
5.00685
5.00669
5.00656
5.00678
5.00669
5.00701
5.00697
5.00693
5.00688
5.00689
5.00691
5.00681
5.00693
5.00676
5.00701
5.00687
5.00669
5.00673
5.00691
5.00671
5.00662
5.00678
5.00681
5.0068
5.00676
5.00675
5.00677
5.00685
5.00678
5.00698
5.00711
5.00698
5.00695
5.00682
5.0069
5.00697
5.00677
5.00695
5.00698
5.00678
5.00692
5.00695
5.00694
5.00684
5.00707
5.00704
5.00696
5.00688
5.00689
5.00708
5.00683
5.0069
5.00701
5.00705
5.00687
5.0072
5.00711
5.00698
5.0072
5.0072
5.00715
5.00721
5.00729
5.00726
5.00732
5.00712
5.0071
5.00711
5.007
5.0071
5.00699
5.00713
5.00712
5.00693
5.00699
5.00663
5.00687
5.00693
5.00713
5.0071
5.00695
5.00692
5.007
5.00707
5.00702
5.00709
5.00695
5.00693
5.0069
5.00723
5.00698
5.00675
5.00696
5.00702
5.00684
5.00685
5.00702
5.00695
5.00711
5.00687
5.00705
5.00711
5.00713
5.007
5.007
5.00704
5.00696
5.00682
5.00683
5.00686
5.00691
5.00699
5.00717
5.00713
5.00669
5.00692
5.00718
5.00706
5.00691
5.00668
5.00673
5.00658
5.00668
5.00654
5.00668
5.00689
5.00676
5.00685
5.00694
5.00708
5.00697
5.00683
5.00693
5.00707
5.00693
5.00694
5.00687
5.00684
5.00713
5.00676
5.0069
5.00713
5.00681
5.00688
5.00686
5.00674
5.00669
5.00679
5.00663
5.00686
5.00685
5.00665
5.00682
5.00693
5.00659
5.00682
5.00682
5.00689
5.00675
5.00689
5.00691
5.00677
5.00683
5.00699
5.00699
5.00672
5.00675
5.00677
5.0067
5.00681
5.00685
5.00678
5.00692
5.00686
5.00692
5.00671
5.0069
5.00667
5.00686
5.00667
5.00671
5.00675
5.00657
5.00666
5.00695
5.00673
5.00675
5.00681
5.00685
5.00679
5.007
5.00699
5.00684
5.00711
5.00677
5.00707
5.00665
5.00665
5.00687
5.00681
5.00676
5.0069
5.00692
5.00688
5.00674
5.00665
5.00666
5.0066
5.00667
5.0067
5.00658
5.00676
5.00691
5.00689
5.00698
5.00711
5.00695
5.00687
5.00661
5.00668
5.0068
5.00688
5.0067
5.00685
5.00688
5.00678
5.00712
5.00701
5.00686
5.00683
5.00701
5.00677
5.0066
5.00678
5.00668
5.00674
5.00674
5.00697
5.00677
5.00675
5.00677
5.00674
5.00666
5.00671
5.00661
5.00672
5.0068
5.00692
5.00679
5.00684
5.00689
5.00684
5.0069
5.00681
5.00699
5.00678
5.00685
5.00698
5.00688
5.00697
5.00673
5.0067
5.007
5.00653
5.00677
5.0068
5.00698
5.00692
5.00702
5.00692
5.00679
5.00694
5.00679
5.0068
5.00687
5.00687
5.00694
5.0069
5.00704
5.00702
5.00665
5.00672
5.00656
5.00693
5.0067
5.00662
5.00677
5.00692
5.00661
5.00705
5.0068
5.00683
5.00692
5.00692
5.00683
5.00676
5.0068
5.00677
5.00686
5.00696
5.00678
5.0067
5.00697
5.0068
5.00691
5.00685
5.00686
5.00683
5.00694
5.00661
5.00712
5.00701
5.00702
5.00677
5.00663
5.00683
5.00661
5.00696
5.00685
5.00699
5.00677
5.00688
5.00659
5.00697
5.00693
5.0068
5.00669
5.00692
5.00685
5.00698
5.00694
5.00701
5.00696
5.00685
5.00685
5.00687
5.00687
5.00685
5.00669
5.00683
5.00674
5.00672
5.00669
5.00675
5.00683
5.00696
5.0071
5.00667
5.00663
5.00694
5.00697
5.00692
5.00669
5.00669
5.00692
5.00698
5.00671
5.00698
5.00674
5.00666
5.00682
5.00704
5.00678
5.0069
5.00715
5.00676
5.00692
5.00706
5.00694
5.00689
5.00692
5.00686
5.00681
5.00674
5.00678
5.00666
5.00672
5.0069
5.00675
5.00678
5.00684
5.00672
5.00689
5.00686
5.00705
5.00686
5.0069
5.00687
5.00679
5.00682
5.00688
5.00682
5.00693
5.0071
5.00688
5.00687
5.00715
5.00688
5.00691
5.00703
5.00699
5.00708
5.00708
5.00684
5.00665
5.00674
5.00685
5.00685
5.00697
5.00684
5.00702
5.00685
5.00695
5.00703
5.00692
5.00686
5.00688
5.00697
5.007
5.00703
5.00685
5.00684
5.00692
5.00692
5.00692
5.00694
5.00692
5.00682
5.00693
5.00677
5.007
5.00679
5.00673
5.00692
5.00691
5.00682
5.00673
5.00671
5.007
5.00705
5.00657
5.00671
5.00679
5.00704
5.00664
5.00702
5.00693
5.00675
5.00696
5.00679
5.00683
5.00722
5.0067
5.00684
5.00706
5.00686
5.00691
5.00688
5.00676
5.00685
5.00673
5.00694
5.00702
5.00687
5.00664
5.00677
5.00679
5.00665
5.00661
5.00679
5.00686
5.00662
5.00657
5.00668
5.00685
5.00672
5.00671
5.00667
5.00678
5.00657
5.00665
5.00687
5.00689
5.00686
5.00685
5.00686
5.00684
5.00684
5.00686
5.00687
5.00679
5.00681
5.00687
5.00655
5.00663
5.00704
5.00681
5.00694
5.00678
5.00715
5.00672
5.00713
5.00695
5.007
5.00684
5.00675
5.00688
5.00656
5.00684
5.0066
5.00653
5.00698
5.00661
5.00675
5.00661
5.00672
5.00662
5.00667
5.00674
5.0066
5.00667
5.00682
5.00672
5.00651
5.00675
5.0067
5.0067
5.00668
5.00677
5.00681
5.00684
5.00682
5.00681
5.00683
5.00667
5.00657
5.00667
5.00669
5.00688
5.00688
5.00679
5.00664
5.00684
5.0066
5.00676
5.00684
5.00679
5.0066
5.00654
5.00677
5.00666
5.00683
5.00668
5.00658
5.00673
5.0068
5.00692
5.00681
5.00667
5.00701
5.0068
5.00692
5.00685
5.0069
5.00673
5.00685
5.00685
5.00699
5.00655
5.00677
5.00671
5.00672
5.00673
5.00669
5.0068
5.00685
5.00667
5.00676
5.00684
5.00678
5.00683
5.0069
5.00694
5.00692
5.00672
5.00665
5.00681
5.00683
5.00681
5.00693
5.00673
5.00673
5.00682
5.00688
5.00672
5.00672
5.00672
5.00692
5.0066
5.00687
5.00658
5.00691
5.00669
5.00659
5.00678
5.00677
5.00686
5.0067
5.00686
5.00684
5.00689
5.00688
5.0069
5.00694
5.00695
5.00687
5.00685
5.00693
5.0073
5.00695
5.00689
5.00692
5.00698
5.0071
5.00714
5.00692
5.00674
5.00677
5.00661
5.00682
5.00676
5.00673
5.0067
5.00681
5.00668
5.00666
5.00678
5.00676
5.0067
5.00674
5.00687
5.0067
5.00695
5.00703
5.00692
5.00711
5.00715
5.0068
5.00664
5.00686
5.00678
5.00682
5.00689
5.00674
5.0068
5.00686
5.00659
5.00675
5.00687
5.00703
5.00682
5.00674
5.00681
5.00685
5.00707
5.00686
5.00695
5.00705
5.00682
5.00692
5.00658
5.00706
5.00682
5.007
5.00714
5.00693
5.00683
5.00694
5.00701
5.007
5.00707
5.00719
5.00706
5.00689
5.00691
5.00706
5.00712
5.00715
5.00677
5.00705
5.00684
5.00675
5.00667
5.00681
5.00695
5.00695
5.00683
5.00672
5.00676
5.00679
5.00694
5.0069
5.00685
5.00687
5.00683
5.00679
5.00674
5.00678
5.00679
5.00677
5.00675
5.00681
5.00693
5.00674
5.00686
5.00673
5.00689
5.0069
5.00699
5.0068
5.00676
5.00681
5.0069
5.00651
5.00664
5.00683
5.00694
5.00707
5.00678
5.00664
5.00676
5.0069
5.0069
5.00692
5.00693
5.00683
5.00702
5.00695
5.00691
5.0069
5.00703
5.00715
5.00716
5.00673
5.00693
5.00704
5.00689
5.00682
5.00702
5.00697
5.00712
5.00714
5.00708
5.00693
5.0071
5.00693
5.00692
5.00695
5.00676
5.00687
5.00692
5.0069
5.00699
5.00704
5.00681
5.00692
5.00684
5.00697
5.00686
5.00674
5.00686
5.00691
5.00676
5.00682
5.00695
5.0069
5.00688
5.00679
5.00682
5.00701
5.00691
5.00676
5.00675
5.00689
5.00689
5.00683
5.00675
5.00687
5.00678
5.00695
5.00699
5.00696
5.00677
5.00686
5.00688
5.00669
5.00687
5.00672
5.00695
5.00694
5.00689
5.00693
5.00705
5.00681
5.00683
5.00691
5.00692
5.00689
5.00686
5.00694
5.00681
5.00688
5.00702
5.00684
5.00701
5.00691
5.00699
5.00724
5.00695
5.00687
5.00689
5.0068
5.00677
5.00715
5.00689
5.00691
5.0069
5.007
5.00687
5.00701
5.00675
5.0069
5.00667
5.0069
5.007
5.00692
5.00697
5.00669
5.00683
5.00674
5.00711
5.00666
5.00704
5.00672
5.0068
5.00691
5.00693
5.00699
5.00682
5.00711
5.00716
5.00683
5.00697
5.00681
5.00687
5.00692
5.00685
5.00694
5.00677
5.00671
5.00658
5.0066
5.00666
5.00691
5.00689
5.00696
5.00663
5.00685
5.00677
5.00678
5.00685
5.00676
5.00693
5.00699
5.00666
5.00657
5.00676
5.00675
5.00702
5.00702
5.00706
5.00681
5.00705
5.00687
5.00666
5.00672
5.00672
5.00693
5.00678
5.0069
5.0068
5.00671
5.00689
5.0066
5.0067
5.0069
5.00676
5.0067
5.0071
5.00678
5.00679
5.0068
5.00688
5.00689
5.00681
5.00684
5.00688
5.00702
5.00687
5.00688
5.00691
5.00705
5.00693
5.00681
5.00681
5.00682
5.00698
5.00677
5.00672
5.00678
5.00653
5.00671
5.00667
5.00678
5.00665
5.00653
5.00663
5.00674
5.00676
5.00671
5.00676
5.00649
5.00691
5.00689
5.00675
5.00655
5.00677
5.00655
5.00691
5.00688
5.00666
5.0069
5.00669
5.00685
5.00669
5.00664
5.00669
5.0068
5.00689
5.00681
5.00679
5.00674
5.00677
5.00674
5.00691
5.00686
5.00677
5.00687
5.00672
5.00678
5.00677
5.00691
5.00682
5.00674
5.00683
5.00678
5.00699
5.0068
5.00693
5.00667
5.00714
5.007
5.00681
5.00703
5.00685
5.00715
5.00686
5.00702
5.00675
5.00676
5.00696
5.00675
5.00677
5.00691
5.00676
5.00692
5.00679
5.00677
5.00681
5.00667
5.00661
5.00675
5.00695
5.00703
5.00674
5.00688
5.00693
5.00687
5.00678
5.00694
5.00681
5.00674
5.007
5.00678
5.00689
5.00669
5.00691
5.00697
5.00708
5.00684
5.00685
5.00703