4.95782
4.95871
4.9584
4.95826
4.95771
4.95784
4.95731
4.95736
4.95792
4.95788
4.95879
4.9577
4.95718
4.95748
4.95861
4.95796
4.95883
4.95788
4.95722
4.95811
4.95857
4.95813
4.9587
4.95764
4.95768
4.95795
4.95765
4.95804
4.95817
4.95883
4.9582
4.95746
4.95799
4.95816
4.95815
4.95881
4.95802
4.95742
4.95811
4.9582
4.95856
4.95882
4.95777
4.95792
4.95832
4.95856
4.95845
4.95778
4.9587
4.95891
4.95805
4.95721
4.95803
4.95805
4.95811
4.95845
4.95776
4.95737
4.95756
4.95796
4.95822
4.95851
4.95798
4.9576
4.95773
4.95808
4.95812
4.95807
4.95792
4.95817
4.95807
4.95859
4.95916
4.95775
4.95747
4.95696
4.95742
4.95752
4.9582
4.95784
4.95846
4.95826
4.95811
4.95788
4.9586
4.95857
4.95808
4.95749
4.95791
4.95804
4.9583
4.95774
4.95824
4.95803
4.95798
4.95761
4.95829
4.95773
4.95761
4.95768
4.95773
4.95825
4.95813
4.95841
4.95757
4.95752
4.95748
4.95788
4.95747
4.95734
4.95734
4.95763
4.95795
4.95788
4.95786
4.95761
4.95759
4.95761
4.95751
4.95794
4.95847
4.95817
4.95853
4.95839
4.95874
4.95839
4.9584
4.95846
4.95883
4.95878
4.95805
4.95819
4.95813
4.95862
4.95834
4.95775
4.95794
4.95851
4.95802
4.95803
4.95877
4.95862
4.95908
4.95787
4.95822
4.95791
4.95758
4.95796
4.95846
4.95872
4.95842
4.95853
4.95808
4.9582
4.95871
4.95815
4.95834
4.95861
4.95824
4.9586
4.95832
4.9581
4.95792
4.95767
4.95864
4.95752
4.95779
4.95857
4.95846
4.95833
4.9576
4.95799
4.95808
4.95837
4.95846
4.95816
4.95808
4.95932
4.95792
4.95796
4.95759
4.95717
4.95807
4.95716
4.95834
4.95768
4.95719
4.95787
4.9574
4.95801
4.95796
4.958
4.9578
4.95778
4.9582
4.95824
4.95796
4.95822
4.95877
4.95849
4.95854
4.95795
4.95736
4.95746
4.9578
4.95804
4.95811
4.95768
4.95805
4.9575
4.95791
4.95823
4.95775
4.95722
4.95862
4.95844
4.95799
4.95808
4.95718
4.95725
4.95738
4.95751
4.95827
4.9575
4.95771
4.95726
4.95722
4.95763
4.95779
4.95793
4.95802
4.95789
4.95747
4.95804
4.95799
4.95779
4.95813
4.95813
4.95838
4.95773
4.95811
4.95804
4.95766
4.95821
4.9586
4.95903
4.95837
4.95816
4.95723
4.95776
4.95813
4.95859
4.95834
4.95789
4.95891
4.95874
4.95872
4.95822
4.95749
4.95801
4.95762
4.95839
4.95841
4.95839
4.95842
4.95755
4.95759
4.9578
4.95805
4.95821
4.95774
4.95765
4.95819
4.95804
4.95782
4.9578
4.95822
4.95854
4.95839
4.95781
4.95781
4.95796
4.95727
4.95787
4.95746
4.9578
4.95784
4.95799
4.95866
4.95749
4.95881
4.95826
4.9581
4.95811
4.95754
4.95723
4.9575
4.9574
4.95792
4.9583
4.95804
4.9579
4.95793
4.95839
4.95831
4.95832
4.95843
4.95799
4.95794
4.95746
4.95743
4.95811
4.95867
4.95802
4.9578
4.958
4.95748
4.95828
4.95865
4.95874
4.95825
4.95818
4.95837
4.95754
4.95801
4.95782
4.95807
4.95822
4.95817
4.958
4.95851
4.95823
4.95807
4.95881
4.95807
4.95736
4.95792
4.95794
4.95793
4.95837
4.9581
4.95807
4.95909
4.95913
4.95792
4.95848
4.95792
4.95805
4.9578
4.95804
4.95834
4.9579
4.95861
4.95784
4.95747
4.9579
4.95783
4.9582
4.95779
4.95841
4.95797
4.95742
4.95782
4.95846
4.95892
4.95794
4.95757
4.95728
4.95762
4.95707
4.95727
4.95794
4.95847
4.95727
4.95698
4.95771
4.95807
4.95838
4.95838
4.9581
4.95809
4.95765
4.95746
4.95828
4.95882
4.95849
4.95803
4.95719
4.95757
4.95808
4.95782
4.95783
4.95868
4.958
4.95727
4.95776
4.95778
4.9577
4.95795
4.95857
4.95828
4.95793
4.95772
4.95754
4.95724
4.95721
4.95771
4.95731
4.95791
4.95795
4.95746
4.95772
4.95811
4.95806
4.9582
4.95808
4.95732
4.95821
4.958
4.95777
4.958
4.95795
4.95823
4.95806
4.95833
4.95767
4.95776
4.95781
4.95886
4.95914
4.95843
4.95829
4.95785
4.95827
4.95889
4.95789
4.95829
4.95818
4.95722
4.95746
4.95742
4.95779
4.9586
4.9588
4.95837
4.9582
4.95788
4.95769
4.95748
4.9578
4.95754
4.95854
4.95871
4.95765
4.95728
4.95749
4.95713
4.95687
4.95719
4.95743
4.958
4.95785
4.95809
4.95714
4.95792
4.9579
4.95844
4.95783
4.95791
4.95761
4.95799
4.95703
4.95763
4.95744
4.95774
4.95764
4.9583
4.95827
4.95802
4.9588
4.95768
4.95795
4.95824
4.95815
4.95781
4.95767
4.95811
4.95782
4.95728
4.9584
4.95814
4.95835
4.95847
4.95821
4.95786
4.95803
4.95739