0.212843
0.21304
0.21311
0.212808
0.210807
0.210963
0.211013
0.210985
0.210846
0.211073
0.211289
0.212195
0.212184
0.212535
0.212818
0.213078
0.210105
0.21123
0.211496
0.211863
0.211852
0.211799
0.211987
0.212132
0.211514
0.211593
0.211753
0.211943
0.211917
0.212446
0.212465
0.212797
0.212768
0.213087
0.213159
0.211471
0.211769
0.212535
0.209869
0.213
0.210481
0.210626
0.2117
0.211895
0.212554
0.212529
0.213498
0.210301
0.210586
0.210628
0.210902
0.210991
0.211222
0.211143
0.211734
0.211747
0.212271
0.212146
0.212544
0.212784
0.209677
0.213578
0.210754
0.211222
0.211036
0.211281
0.211501
0.211885
0.209778
0.213233
0.210697
0.214114
0.211302
0.212319
0.212496
0.212802
0.213423
0.210781
0.210958
0.212731
0.213096
0.210169
0.210466
0.210885
0.211653
0.21094
0.21121
0.211347
0.211561
0.211582
0.211702
0.211567
0.211816
0.21191
0.212111
0.212265
0.212352
0.210179
0.212161
0.212742
0.211553
0.212977
0.213524
0.210972
0.214094
0.211043
0.211847
0.211691
0.211793
0.211556
0.211871
0.211851
0.212698
0.211435
0.210818
0.212138
0.212538
0.212764
0.210284
0.210394
0.211257
0.210779
0.213242
0.213397
0.210598
0.211103
0.211796
0.212337
0.210199
0.210161
0.210644
0.213833
0.211252
0.210641
0.212411
0.212954
0.210735
0.211376
0.21262
0.213412
0.210504
0.21378
0.211997
0.210808
0.212143
0.210831
0.21329
0.211239
0.212463
0.212974
0.210238
0.211124
0.212055
0.212403
0.213159
0.213398
0.211766
0.211923
0.212644
0.21361
0.210895
0.211191
0.212358
0.212396
0.209752
0.213063
0.210556
0.212147
0.212625
0.212403
0.211914
0.212057
0.212894
0.210523
0.210731
0.211025
0.211897
0.212269
0.20999
0.213498
0.21098
0.211252
0.212414
0.212791
0.213278
0.213639
0.211167
0.212066
0.212425
0.21026
0.213894
0.211466
0.211956
0.212687
0.213346
0.211064
0.211293
0.213223
0.210869
0.212059
0.212914
0.210766
0.211044
0.211705
0.212854
0.210885
0.211887
0.212274
0.212694
0.210267
0.211573
0.212136
0.212502
0.211552
0.212255
0.212835
0.211766
0.212522
0.209985
0.210393
0.211152
0.211781
0.21256
0.211608
0.212897
0.211543
0.212803
0.212659
0.210719
0.212077
0.210393
0.212075
0.211439
0.212971
0.210972
0.212352
0.21083
0.211604
0.213112
0.211516
0.212992
0.210696
0.211205
0.211774
0.21251
0.211069
0.211604
0.21294
0.210733
0.211033
0.211757
0.212137
0.210755
0.211053
0.21179
0.212491
0.213197
0.210617
0.211696
0.212015
0.212843
0.211377
0.212341
0.212534
0.210515
0.211182
0.211695
0.212743
0.213424
0.210899
0.211679
0.212324
0.213098
0.210976
0.211892
0.212343
0.212944
0.21056
0.211488
0.210862
0.21163
0.212397
0.21082
0.212358
0.21128
0.212897
0.213525
0.211278
0.212482
0.21069
0.211211
0.213113
0.210586
0.212459
0.212983
0.211258
0.209938
0.21182
0.212262
0.212778
0.213496
0.212109
0.212707
0.210537
0.211426
0.21197
0.212463
0.21342
0.211903
0.210986
0.213468
0.21224
0.212296
0.212297
0.210533
0.212701
0.213174
0.212011
0.213215
0.212887
0.211883
0.213117
0.210845
0.211982
0.210433
0.21183
0.212386
0.21067
0.211377
0.212349
0.21324
0.210749
0.211755
0.210643
0.211516
0.213667
0.211264
0.212251
0.21334
0.2114
0.211963
0.210278
0.211356
0.211877
0.209992
0.210832
0.211868
0.212753
0.210146
0.210696
0.211155
0.211762
0.212678
0.210949
0.211785
0.213044
0.210893
0.212043
0.210783
0.212478
0.210414
0.211443
0.212129
0.213002
0.211544
0.212195
0.210008
0.210587
0.212799
0.212141
0.210194
0.210824
0.211771
0.212459
0.213371
0.211639
0.212527
0.213143
0.210768
0.211737
0.212858
0.210496
0.211245
0.210282
0.211498
0.21066
0.211661
0.212249
0.210723
0.212667
0.211454
0.213593
0.212594
0.210731
0.211869
0.210411
0.211138
0.211747
0.212651
0.213614
0.211405
0.211973
0.213253
0.211047
0.213062
0.210973
0.21258
0.211101
0.211949
0.210036
0.210657
0.211322
0.210005
0.211181
0.21193
0.212803
0.213705
0.212759
0.211346
0.211642
0.212826
0.21353
0.211541
0.21085
0.210818
0.209807
0.211535
0.212658
0.211448
0.212185
0.211176
0.211916
0.212708
0.213504
0.211956
0.210842
0.213405
0.210958
0.211429
0.212503
0.210626
0.211329
0.210771
0.211932
0.211228
0.212518
0.211764
0.212702
0.211259
0.213099
0.210929
0.21213
0.211056
0.210165
0.210984
0.210508
0.213537
0.211561
0.212844
0.213718
0.21263
0.210295
0.212927
0.210983
0.212064
0.210158
0.211198
0.212876
0.21088
0.21178
0.212491
0.210153
0.21065
0.211272
0.211766
0.212552
0.210185
0.212356
0.213115
0.210543
0.211117
0.212542
0.21334
0.21084
0.211721
0.21313
0.210889
0.211711
0.212834
0.213687
0.211437
0.212385
0.213668
0.211434