0.223688
0.221097
0.219713
0.218426
0.22267
0.220222
0.217931
0.222872
0.222823
0.221076
0.220601
0.219238
0.219028
0.217549
0.221691
0.219637
0.217397
0.221867
0.219501
0.223201
0.221097
0.220078
0.217413
0.221376
0.219488
0.219536
0.223045
0.221459
0.218989
0.217508
0.222157
0.220682
0.218434
0.217704
0.221699
0.219562
0.218104
0.222494
0.220657
0.218189
0.222882
0.220972
0.219787
0.218312
0.222286
0.220127
0.218565
0.222606
0.219739
0.224014
0.222893
0.219781
0.218726
0.219973
0.219859
0.219166
0.219728
0.221335
0.217425
0.218411
0.222965
0.222208
0.21996
0.218985
0.218241
0.21886
0.223071
0.223363
0.221553
0.222968
0.222553
0.222376
0.219577
0.218203
0.223214
0.22242
0.221261
0.219886
0.218218
0.221842
0.21984
0.217897
0.221683
0.220652
0.21761
0.220549
0.217351
0.220495
0.217807
0.223207
0.220974
0.218484
0.218563
0.222877
0.222376
0.219807
0.223332
0.221142
0.217861
0.221498
0.22249
0.222664
0.219558
0.223001
0.219722
0.223014
0.221081
0.217982
0.22262
0.221198
0.218018
0.220979
0.220306
0.2234
0.22078
0.218412
0.223545
0.220636
0.217799
0.22238
0.220186
0.217251
0.220357
0.218877
0.222516
0.220182
0.220629
0.222147
0.222599
0.22203
0.220732
0.218657
0.21859
0.222538
0.221096
0.220298
0.219312
0.21906
0.217649
0.221318
0.220575
0.218981
0.222607
0.219622
0.222814
0.219514
0.221805
0.218645
0.221851
0.218852
0.222631
0.223082
0.221327
0.218184
0.221445
0.218438
0.222231
0.219083
0.2224
0.218903
0.222131
0.219361
0.223113
0.219343
0.217848
0.222095
0.218429
0.22141
0.218592
0.221549
0.218588
0.22222
0.220836
0.21769
0.220896
0.217647
0.221553
0.219231
0.223722
0.222244
0.21957
0.220244
0.220077
0.220995
0.21932
0.222773
0.220182
0.217432
0.221128
0.221977
0.221708
0.219319
0.22405
0.219921
0.22289
0.219656
0.222303
0.21946
0.223297
0.220134
0.221798
0.220444
0.217691
0.220582
0.217139
0.220121
0.223541
0.221062
0.218192
0.217845
0.220855
0.221847
0.219175
0.217788
0.220764
0.218293
0.221235
0.217977
0.220722
0.223864
0.22014
0.223517
0.220977
0.219111
0.222875
0.221809
0.219061
0.218328
0.222637
0.221341
0.219951
0.219408
0.217909
0.222443
0.221659
0.21875
0.218396
0.222682
0.220689
0.223141
0.220738
0.219436
0.222642
0.219655
0.222193
0.220512
0.217165
0.22103
0.217187
0.22085
0.223205
0.219444
0.216541
0.222323
0.21866
0.223017
0.221468
0.219959
0.222962
0.21994
0.21794
0.220722
0.219412
0.222302
0.219351
0.222112
0.21789
0.220282
0.222833
0.219092
0.217772
0.221467
0.217564
0.221331
0.223492
0.219767
0.222576
0.219324
0.221874
0.219547
0.221994
0.21878
0.217572
0.220689
0.218062
0.221059
0.219196
0.222311
0.219047
0.221946
0.218378
0.221537
0.217259
0.219532
0.222054
0.218837
0.221263
0.218012
0.220786
0.217887
0.222791
0.219444
0.222757
0.218839
0.221373
0.218286
0.222016
0.218142
0.221634
0.217907
0.220573
0.219821
0.221888
0.217736
0.221594
0.218341
0.222756
0.218764
0.221197
0.223085
0.218892
0.220679
0.223153
0.220099
0.222357
0.218389
0.221221
0.218388
0.220604
0.223095
0.218809
0.220559
0.222574
0.21826
0.220895
0.223071
0.218922
0.221111
0.223061
0.219071
0.222584
0.21923
0.220056
0.21706
0.220388
0.216963
0.22033
0.223158
0.218804
0.220612
0.222617
0.21835
0.221977
0.219648
0.221878
0.218358
0.221011
0.222916
0.221163
0.22325
0.220812
0.217553
0.222178
0.223839
0.219328
0.220807
0.217006
0.222299
0.218898
0.223012
0.22131
0.223678
0.220056
0.222061
0.218232
0.219964
0.222121
0.218309
0.220159
0.221732
0.218418
0.221012
0.218113
0.220608
0.218022
0.22009
0.222507
0.219794
0.222881
0.220742
0.218796
0.222016
0.217943
0.220612
0.218544
0.222566
0.218486
0.22248
0.218337
0.220774
0.222797
0.218937
0.220596
0.22322
0.216683
0.222329
0.220318
0.223272
0.221288
0.218969
0.223355
0.220391
0.222858
0.219285
0.223412
0.219399
0.22103
0.217294
0.219663
0.218379
0.22054
0.222631
0.224473
0.221881
0.217936
0.220924
0.223312
0.219005
0.221104
0.217667
0.219601
0.222071
0.223884
0.219475
0.221612
0.219206
0.219537
0.221754
0.217861
0.220018
0.221815
0.223466
0.218691
0.220682
0.222864
0.218181
0.220317
0.219222
0.21748
0.217478
0.220061
0.221996
0.21881
0.220752
0.219163
0.221304
0.217703
0.219296
0.222925
0.218132
0.220573
0.222435
0.219186
0.221027
0.222919
0.218894
0.22214
0.217746
0.220158
0.221936
0.223907
0.219635
0.222376
0.219852
0.223233
0.222188
0.221543
0.218665
0.221321
0.21753
0.220252
0.22411
0.222782
0.219724
0.222917
0.22033
0.216818
0.219576
0.221762
0.217886
0.220002
0.21922
0.221096
0.219792
0.223565
0.221261
0.217863
0.219596
0.221309
0.217993
0.220169
0.223164
0.218993
0.222089
0.217538
0.219393
0.221197
0.223364
0.218997
0.220866
0.222616
0.218771
0.22095
0.222902
0.218753
0.220599
0.223392
0.21915
0.221972
0.217982
0.221492
0.223431
0.218868
0.221119
0.217092
0.219555
0.221538
0.217761
0.219744
0.222171
0.218548
0.221356
0.223861
0.21947
0.222088
0.219247
0.222774
0.219908