0.217122
0.21692
0.214883
0.216214
0.213244
0.215651
0.212889
0.21554
0.217493
0.213437
0.217409
0.216735
0.213404
0.213291
0.213942
0.217048
0.216818
0.214786
0.216163
0.214146
0.216695
0.21513
0.214562
0.214437
0.215047
0.213542
0.214417
0.216471
0.216947
0.215702
0.214384
0.215927
0.214302
0.216731
0.214821
0.213476
0.213557
0.216513
0.214988
0.216987
0.216956
0.213123
0.214974
0.215722
0.217016
0.213088
0.216623
0.213227
0.212526
0.216444
0.213806
0.216998
0.21598
0.218146
0.212939
0.216972
0.217541
0.214824
0.215177
0.2141
0.214444
0.215066
0.213596
0.214936
0.214177
0.214479
0.213934
0.216089
0.216905
0.216701
0.213541
0.216834
0.217702
0.217493
0.215413
0.215592
0.212839
0.21488
0.214131
0.215627
0.215744
0.216256
0.214298
0.213463
0.217335
0.213313
0.214972
0.21568
0.213599
0.214394
0.215013
0.214485
0.213849
0.214772
0.21314
0.21648
0.215251
0.21516
0.212864
0.217221
0.213374
0.213488
0.21715
0.214719
0.214066
0.21567
0.215636
0.216157
0.214574
0.213365
0.212956
0.216173
0.214463
0.213943
0.214558
0.217183
0.214817
0.218119
0.215709
0.214625
0.215162
0.216759
0.216322
0.216071
0.213075
0.214134
0.215193
0.215553
0.212918
0.214755
0.21476
0.213967
0.214162
0.215788
0.215768
0.217463
0.215348
0.216808
0.213834
0.213434
0.218172
0.21641
0.215262
0.217366
0.216037
0.214837
0.216611
0.213952
0.2166
0.216144
0.216091
0.2171
0.217105
0.215935
0.214665
0.216792
0.213319
0.214776
0.216525
0.214375
0.213833
0.216861
0.216998
0.215262
0.215624
0.217091
0.214357
0.21464
0.214295
0.213693
0.216995
0.213689
0.213124
0.215317
0.214227
0.216432
0.214044
0.213575
0.217312
0.214761
0.21723
0.214654
0.215167
0.213754
0.21363
0.215175
0.214425
0.213143
0.214629
0.213894
0.215323
0.214149
0.216905
0.215423
0.216898
0.213637
0.216742
0.213738
0.214782
0.21732
0.214823
0.216407
0.213307
0.216878
0.216806
0.216815
0.2154
0.216802
0.217771
0.214001
0.213879
0.218003
0.216917
0.215217
0.214243
0.214087
0.215874
0.217537
0.215325
0.216016
0.21552
0.215555
0.214297
0.213468
0.213264
0.216344
0.217446
0.213198
0.214984
0.213246
0.217034
0.21633
0.216321
0.216879
0.214638
0.215841
0.213974
0.216221
0.214805
0.215309
0.216896
0.215767
0.213877
0.217265
0.216272
0.213308
0.217283
0.213759
0.213779
0.212255
0.214702
0.21672
0.215027
0.213534
0.217366
0.21672
0.216358
0.218112
0.215315
0.216493
0.214229
0.215279
0.216112
0.216161
0.216139
0.216544
0.216472
0.215675
0.212878
0.21408
0.214494
0.215265
0.216975
0.216713
0.216242
0.21436
0.216397
0.21297
0.215647
0.212814
0.213367
0.215359
0.216729
0.213688
0.213362
0.216395
0.214719
0.216978
0.216932
0.214701
0.215837
0.216263
0.213845
0.213762
0.215303
0.216884
0.214554
0.214587
0.213927
0.217663
0.217484
0.215672
0.213
0.216724
0.217273
0.215321
0.21786
0.215063
0.214556
0.214841
0.213975
0.214735
0.216586
0.215852
0.216718
0.214063
0.214109
0.216893
0.21366
0.213847
0.212381
0.215892
0.214087
0.213347
0.215315
0.217565
0.214292
0.216661
0.215157
0.214934
0.213276
0.215975
0.217312
0.213217
0.21531
0.217105
0.216391
0.215959
0.216215
0.216738
0.215771
0.216312
0.213634
0.21774
0.216414
0.21386
0.214278
0.217823
0.216543
0.216252
0.2143
0.215407
0.212714
0.216926
0.217458
0.216234
0.217076
0.217306
0.216038
0.2133
0.216648
0.216755
0.217403
0.21554
0.215548
0.21287
0.214163
0.217796
0.216616
0.216984
0.213598
0.218018
0.213535
0.214487
0.216114
0.216389
0.215938
0.214067
0.214098
0.217199
0.216929
0.213614
0.21507
0.216091
0.214798
0.214066
0.217312
0.218134
0.214174
0.213677
0.215083
0.213434
0.216088
0.216074
0.213658
0.217768
0.214533
0.21503
0.215759
0.214603
0.213997
0.214989
0.217292
0.213481
0.217115
0.215279
0.216725
0.214834
0.212457
0.216252
0.216559
0.217147
0.213162
0.216188
0.217586
0.215254
0.216972
0.216838
0.215998
0.215275
0.21337
0.212713
0.216831
0.216163
0.21693
0.213475
0.21472
0.214019
0.214563
0.215983
0.215623
0.217527
0.214602
0.214075
0.214282
0.213936
0.212939
0.216292
0.213112
0.21643
0.216667
0.213384
0.21428
0.216324
0.214819
0.214969
0.218071
0.215572
0.216768
0.217602