0.204079
0.203892
0.203956
0.204004
0.203792
0.203736
0.201507
0.201271
0.203777
0.203102
0.202981
0.202487
0.203755
0.204025
0.203532
0.202879
0.204107
0.203905
0.203686
0.203589
0.203701
0.201837
0.203617
0.201777
0.203954
0.203898
0.201682
0.203799
0.203695
0.203839
0.203772
0.203881
0.201365
0.204042
0.203782
0.204001
0.20159
0.202363
0.203849
0.203867
0.203917
0.203639
0.201723
0.203478
0.203161
0.204099
0.203601
0.203522
0.20394
0.203622
0.202154
0.201905
0.203937
0.201233
0.20394
0.203615
0.203807
0.203488
0.20397
0.20403
0.202057
0.20392
0.203158
0.203749
0.203875
0.203694
0.20384
0.20383
0.203994
0.201422
0.201479
0.201601
0.202772
0.203444
0.201949
0.204066
0.201071
0.203836
0.203897
0.203853
0.20132
0.20403
0.203948
0.203852
0.203071
0.204087
0.204191
0.203598
0.203656
0.201277
0.203698
0.201417
0.20392
0.203767
0.203903
0.203561
0.202371
0.203786
0.203843
0.204082
0.202526
0.203769
0.203464
0.203961
0.203778
0.203642
0.202662
0.203685
0.20352
0.203941
0.20262
0.20385
0.201415
0.201895
0.203342
0.203641
0.203767
0.202758
0.20275
0.203801
0.203594
0.203701
0.204027
0.203761
0.203922
0.203439
0.201913
0.203791
0.203815
0.203209
0.2014
0.203718
0.20259
0.203932
0.203387
0.202157
0.203552
0.203951
0.203083
0.202643
0.203533
0.202965
0.201839
0.204065
0.202053
0.203858
0.201544
0.203385
0.204163
0.203581
0.202265
0.201953
0.203719
0.203561
0.203799
0.201358
0.203915
0.204103
0.203638
0.203865
0.203576
0.201831
0.20358
0.203709
0.202419
0.203487
0.203587
0.20387
0.203557
0.203686
0.203718
0.20382
0.203579
0.203735
0.202962
0.203809
0.203604
0.203714
0.203752
0.203765
0.203888
0.203956
0.203797
0.202992
0.203802
0.203806
0.203806
0.203516
0.203806
0.20289
0.202076
0.203245
0.203683
0.20211
0.203839
0.202812
0.202534
0.203904
0.204033
0.203659
0.203891
0.203753
0.202099
0.202764
0.203753
0.202299
0.203909
0.203688
0.204098
0.203722
0.202173
0.203922
0.201315
0.2028
0.203837
0.203351
0.203856
0.203953
0.203604
0.203814
0.203853
0.201769
0.202187
0.203667
0.20403
0.203051
0.203805
0.203315
0.203686
0.203757
0.203773
0.204059
0.203773
0.203908
0.203719
0.204056
0.203767
0.204001
0.20374
0.203793
0.202025
0.201857
0.203761
0.203884
0.203674
0.203708
0.203958
0.201033
0.203229
0.202381
0.203862
0.203853
0.203813
0.203928
0.20408
0.203613
0.203947
0.203883
0.203627
0.203977
0.203051
0.203454
0.20182
0.203747
0.203938
0.202659
0.2039
0.203907
0.203871
0.204057
0.203875
0.202067
0.203699
0.203346
0.203883
0.203339
0.203432
0.20193
0.204043
0.203717
0.203447
0.203236
0.203431
0.203706
0.203748
0.202103
0.203874
0.203979
0.203313
0.203806
0.202946
0.203753
0.20381
0.203832
0.20257
0.20403
0.203609
0.203788
0.203086
0.201524
0.203807
0.203619
0.201399
0.204086
0.202517
0.203906
0.203877
0.203746
0.203676
0.202744
0.203722
0.203638
0.201884
0.202726
0.203639
0.203109
0.204079
0.203801
0.203364
0.203504
0.204039
0.201698
0.203408
0.204019
0.203835
0.203828
0.201926
0.202009
0.204053
0.204112
0.203391
0.203681
0.203731
0.203934
0.203958
0.203732
0.203925
0.20385
0.203711
0.203666
0.20268
0.202973
0.202967
0.204129
0.203647
0.203729
0.201807
0.201651
0.202769
0.203616
0.202737
0.202518
0.203627
0.204046
0.203738
0.202469
0.203862
0.202744
0.201081
0.204074
0.203811
0.203739
0.204008
0.20365
0.201331
0.203999
0.203887
0.203999
0.202201
0.203231
0.203653
0.203311
0.2013
0.203624
0.203968
0.203625
0.202747
0.203824
0.203552
0.203906
0.203724
0.203524
0.203618
0.203768
0.203865
0.20182
0.203734
0.202961
0.202385
0.203831
0.20346
0.203927
0.203834
0.203836
0.203732
0.203701
0.203894
0.203642
0.203838
0.203773
0.203629
0.203839
0.202112
0.202538
0.204019
0.20297
0.202354
0.202077
0.203882
0.204057
0.20404
0.203722
0.203433
0.203902
0.203603
0.20383
0.203631
0.2038
0.203739
0.203702
0.202014
0.204002
0.203745
0.203972
0.203821
0.203441
0.203058
0.203084
0.201195
0.203831
0.202776
0.202122
0.203817
0.203909
0.201246
0.203773
0.203805
0.203969
0.203688
0.203808
0.203963
0.203784
0.203804
0.203905
0.20377
0.203472
0.203959
0.203841
0.203966
0.203457
0.203986
0.203698
0.203908
0.203722
0.20369
0.203265
0.204028
0.203527
0.203965
0.203844
0.203727
0.202991
0.203742
0.203803
0.20109
0.20401
0.201752
0.203358
0.203799
0.203808
0.201373
0.201932
0.203594
0.203879
0.202127
0.203809
0.202279
0.201295
0.201949
0.203492
0.204018
0.203703
0.202164
0.20389
0.203766
0.203826
0.203996
0.203629
0.203573
0.203858
0.203831
0.201745
0.203874
0.201664
0.203607
0.2038
0.203858
0.203745
0.203054
0.2039
0.203865
0.203879
0.203625
0.20377
0.203636
0.202399
0.203771
0.203551
0.20357
0.203982
0.203899
0.203734
0.203736
0.203904
0.20378
0.204009
0.202637
0.20365
0.20416
0.201167
0.203632
0.204086
0.203648
0.203656
0.202405
0.203854
0.202872
0.203765
0.20374
0.203053
0.203838
0.203916
0.203785
0.202333
0.203612
0.203855
0.203922
0.203617
0.203563
0.203539
0.203743
0.203836
0.203575
0.204038
0.203714
0.203852
0.203986
0.203474
0.20379
0.20313
0.201802
0.203877
0.203114
0.20376
0.203951
0.201851
0.20393
0.203774
0.203735
0.201701
0.203918
0.201619
0.20368
0.203908
0.20373
0.201507
0.204127
0.204141
0.203778
0.204112
0.20167
0.203918
0.20343
0.203945
0.203621
0.203142
0.202848
0.202319
0.203679
0.202938
0.20245
0.203884
0.203919
0.203908
0.201309
0.203668
0.201327
0.203975
0.203831
0.203811
0.203696
0.203895
0.203706
0.201432
0.203829
0.203739
0.203752
0.203704
0.203925
0.20395
0.203619
0.203755
0.203776
0.203242
0.201754
0.203861
0.203691
0.203981
0.20267
0.203784
0.203743
0.203639
0.203655
0.203977
0.201558
0.203806
0.203563
0.203872
0.20398
0.201524
0.203895
0.203788
0.203417
0.204038
0.203907
0.202863
0.20368
0.204014
0.203198
0.20349
0.201895
0.203497
0.204126
0.202473
0.20398
0.202681
0.203868
0.20187
0.201433
0.2038
0.203327
0.201697
0.201865
0.201892
0.203872
0.203555
0.203688
0.203819
0.203591
0.203789
0.203862
0.203728
0.203208
0.203415
0.204005
0.204134
0.204108
0.203779
0.204071
0.203668
0.202671
0.202571
0.203545
0.203433
0.203808
0.203716
0.201859
0.203842
0.203699
0.201724
0.203882
0.203811
0.202831
0.201102
0.204094
0.203677
0.203825
0.202795
0.20393
0.203875
0.202687
0.203172
0.201945
0.203925
0.203749
0.203358
0.203919
0.203857
0.201515
0.203661
0.203627
0.201782
0.202163
0.203603
0.203806
0.203763
0.20388
0.203988
0.203748
0.202856
0.204083
0.203572
0.201618
0.202267
0.202282
0.20393
0.203953
0.203674
0.203879
0.2037
0.203786
0.203545
0.202025
0.203682
0.203775
0.203877
0.203813
0.203832
0.204049
0.203813
0.203154
0.202295
0.203933
0.203418
0.20405
0.203691
0.203694
0.203666
0.203896
0.203657
0.203607
0.203337
0.203668
0.203618
0.203977
0.203449
0.203821
0.204091
0.203531
0.203757
0.204037
0.204017
0.203731
0.203777
0.203081
0.20187
0.203969
0.201845
0.203952
0.203768
0.203823
0.203755
0.203795
0.203371
0.203585
0.203856
0.203512
0.203828
0.203841
0.20208
0.203098
0.20372
0.204039
0.203854
0.203652
0.203799
0.203783
0.203949
0.203968
0.204139
0.201813
0.203607
0.202276
0.201864
0.203378
0.203832
0.203774
0.203842
0.203914
0.203826
0.203827
0.203146
0.203684
0.204166
0.202549
0.202817
0.203132
0.201405
0.203491
0.20376
0.203891
0.203699
0.201842
0.203402
0.203717
0.203787
0.203493
0.201088
0.204027
0.203752
0.203852
0.203734
0.203787
0.203867
0.203987
0.203593
0.203657
0.203754
0.203603
0.203998
0.202598
0.203966
0.203738
0.203924
0.202273
0.201771
0.203716
0.20262
0.20373
0.203065
0.203916
0.203845
0.203101
0.203371
0.201784
0.203522
0.204039
0.203682
0.203636
0.203962
0.202587
0.203852
0.203781
0.203599
0.20379
0.203637
0.201704
0.203927
0.201978
0.204024
0.203798
0.20396
0.204023
0.203735
0.203671
0.201842
0.203967
0.202186
0.203899
0.203723
0.203313
0.20365
0.203731
0.203916
0.203705
0.203816
0.203791
0.20362
0.202434
0.203595
0.203736
0.203621
0.203982
0.203017
0.203879
0.203541
0.203774
0.20375
0.203461
0.203072
0.20382
0.204072
0.202081
0.201191
0.203448
0.203872
0.204005
0.203924
0.203993
0.203713
0.203761
0.203569
0.203484
0.203925
0.202065
0.204084
0.202926
0.203705
0.201506
0.203774
0.201448
0.203972
0.204131
0.203807
0.203872
0.204037
0.204042
0.203704
0.203312
0.203182
0.203312
0.203854
0.203789
0.204048
0.202958
0.203847
0.203826
0.203769
0.203461