0.253932
0.254497
0.253761
0.254369
0.254102
0.25337
0.254519
0.252756
0.253615
0.253839
0.253966
0.253813
0.254348
0.253785
0.253479
0.254447
0.253734
0.253339
0.253861
0.253062
0.25375
0.253392
0.254286
0.254256
0.253691
0.254005
0.253719
0.253852
0.253385
0.254298
0.253882
0.25439
0.253474
0.255021
0.254253
0.253564
0.254258
0.254015
0.255106
0.253398
0.254638
0.254317
0.253631
0.254514
0.253942
0.253446
0.253646
0.25388
0.253372
0.254031
0.253761
0.253403
0.254614
0.254073
0.253779
0.253217
0.25356
0.254316
0.25392
0.253722
0.253607
0.253772
0.254621
0.25412
0.253675
0.253398
0.253248
0.25445
0.254872
0.254296
0.252987
0.253913
0.252409
0.255138
0.255149
0.253386
0.254514
0.25422
0.254671
0.253338
0.254735
0.253726
0.254566
0.253973
0.253597
0.253658
0.254374
0.254807
0.25409
0.254293
0.254527
0.254555
0.253874
0.253289
0.254095
0.253609
0.253926
0.253937
0.254027
0.253582
0.253383
0.254192
0.253808
0.254783
0.255187
0.254513
0.254009
0.254029
0.254074
0.254554
0.254148
0.253241
0.255078
0.254424
0.253924
0.254523
0.254214
0.254146
0.253944
0.253424
0.253463
0.253918
0.253427
0.253705
0.253505
0.255111
0.252784
0.253079
0.25488
0.254409
0.254765
0.25367
0.254735
0.254661
0.253218
0.253524
0.253097
0.253344
0.254665
0.254349
0.253672
0.254528
0.252948
0.25435
0.253636
0.255014
0.253902
0.253993
0.253798
0.254463
0.253597
0.254071
0.253933
0.254583
0.253994
0.25367
0.253646
0.254068
0.25272
0.25316
0.2541
0.254433
0.253429
0.254409
0.253294
0.25439
0.253555
0.25403
0.253858
0.253838
0.255447
0.253909
0.252974
0.254034
0.254539
0.253831
0.254886
0.254778
0.254168
0.253628
0.25337
0.254457
0.254081
0.255
0.254149
0.254313
0.253719
0.25431
0.253405
0.253186
0.254584
0.254166
0.253249
0.254752
0.254846
0.253595
0.25269
0.253052
0.254326
0.252976
0.25298
0.253781
0.254383
0.254522
0.254435
0.253827
0.254465
0.25352
0.254509
0.253425
0.254669
0.253323
0.253304
0.253917
0.254045
0.254577
0.254281
0.254175
0.253456
0.2541
0.254132
0.253673
0.253464
0.253569
0.254005
0.254103
0.253269
0.255245
0.253664
0.253649
0.25339
0.254819
0.254112
0.254247
0.25447
0.253547
0.254456
0.254258
0.253823
0.254251
0.253069
0.254139
0.255095
0.253383
0.254469
0.254117
0.253415
0.253232
0.254209
0.25322
0.253892
0.253912
0.25349
0.253362
0.252591
0.253785
0.253272
0.253722
0.254524
0.254553
0.253992
0.25377
0.253113
0.254419
0.254063
0.254074
0.253412
0.253798
0.253974
0.254315
0.254131
0.253864
0.253809
0.254322
0.253801
0.253902
0.253908
0.253655
0.253207
0.25321
0.253871
0.253311
0.253067
0.253183
0.253972
0.254885
0.2549
0.253974
0.253772
0.254169
0.253561
0.253435
0.254222
0.254808
0.253255
0.253393
0.253441
0.253669
0.254236
0.253411
0.254413
0.253527
0.254234
0.25437
0.254458
0.253625
0.254282
0.254967
0.253551
0.253206
0.253767
0.253672
0.253318
0.253217
0.253689
0.254181
0.253876
0.253873
0.254564
0.254647
0.25398
0.253808
0.254931
0.254173
0.253721
0.254722
0.253323
0.253122
0.2537
0.253445
0.254977
0.254197
0.254158
0.253464
0.25451
0.253888
0.253574
0.255096
0.25419
0.253873
0.253105
0.253642
0.254008
0.253855
0.254435
0.253793
0.253785
0.253045
0.253474
0.253644
0.254123
0.254741
0.252973
0.253179
0.254456
0.254441
0.253745
0.253514
0.2547
0.253206
0.253951
0.253615
0.253636
0.252198
0.25442
0.254032
0.254422
0.253717
0.253729
0.25294
0.253998
0.254463
0.254044
0.253839
0.254118
0.253413
0.254216
0.254469
0.254514
0.254608
0.254462
0.254613
0.253847
0.253652
0.253211
0.254288
0.253188
0.25378
0.25318
0.254336
0.253874
0.253545
0.254215
0.253411
0.254247
0.253305
0.253105
0.254312
0.253389
0.254163
0.254788
0.254043
0.253746
0.253782
0.253994
0.254457
0.254692
0.25432
0.253475
0.254226
0.253682
0.254551
0.253855
0.254509
0.254839
0.254766
0.254247
0.25441
0.253191
0.254321
0.253236
0.255353
0.25408
0.254091
0.255024
0.253921
0.255062
0.254018
0.254733
0.253952
0.254684
0.25436
0.253264
0.254012
0.254732
0.254528
0.253259
0.254971
0.253873
0.254327
0.253522
0.254304
0.25396
0.253541
0.253849
0.254401
0.254485
0.254869
0.25342
0.254192
0.254281
0.253166
0.253473
0.254226
0.254885
0.254009
0.254371
0.253434
0.254128
0.255192
0.25426
0.253386
0.253889
0.254206
0.25375
0.25416
0.254428
0.253428
0.252942
0.254532
0.253908
0.253612
0.253531
0.253969
0.255042
0.254691
0.254261
0.253626
0.253507
0.253993
0.254352
0.254821
0.254345
0.254906
0.254134
0.253752
0.254351
0.254452
0.254225
0.253631
0.254252
0.253764
0.254425
0.253673