4.98062
4.98126
4.98094
4.98384
4.98223
4.98126
4.98223
4.98352
4.98191
4.97836
4.98352
4.98255
4.97997
4.98191
4.98448
4.98448
4.9832
4.98287
4.98255
4.98384
4.98352
4.98513
4.98416
4.98513
4.98191
4.98352
4.98384
4.98642
4.98642
4.98352
4.98448
4.98352
4.98287
4.98448
4.98158
4.9832
4.98158
4.98255
4.98062
4.98191
4.9832
4.9861
4.98352
4.98255
4.98191
4.98513
4.98255
4.98352
4.98094
4.97965
4.9832
4.98545
4.98126
4.9832
4.9832
4.98158
4.98158
4.98352
4.98384
4.98223
4.98352
4.98513
4.98384
4.98481
4.98352
4.98255
4.98513
4.98416
4.98481
4.98352
4.98223
4.98448
4.9832
4.98287
4.9861
4.98674
4.98352
4.98352
4.98384
4.98223
4.98287
4.98416
4.98191
4.98481
4.98094
4.9832
4.98255
4.98384
4.98126
4.98029
4.98223
4.9832
4.98416
4.98191
4.98255
4.9832
4.98352
4.98416
4.9832
4.9832
4.98835
4.98287
4.98577
4.98513
4.98287
4.98416
4.98191
4.98867
4.98352
4.98255
4.98642
4.98448
4.98384
4.98352
4.98448
4.98545
4.98545
4.9861
4.98448
4.98513
4.98481
4.9832
4.98223
4.98384
4.98223
4.98255
4.98448
4.98642
4.98642
4.98287
4.98287
4.98223
4.98384
4.98384
4.98287
4.98094
4.98448
4.98674
4.98642
4.98287
4.98191
4.98352
4.9832
4.98191
4.98223
4.98287
4.9832
4.98481
4.98577
4.98126
4.98416
4.9832
4.98191
4.98352
4.98513
4.98384
4.98384
4.98448
4.98191
4.98416
4.98481
4.98094
4.98545
4.98416
4.9861
4.98738
4.98384
4.98738
4.98352
4.98191
4.98448
4.98416
4.98352
4.98255
4.98416
4.98416
4.98481
4.98513
4.98642
4.98384
4.9832
4.98481
4.98126
4.98384
4.98191
4.98287
4.98416
4.98126
4.98545
4.98223
4.98255
4.98545
4.98384
4.9832
4.98352
4.98513
4.9832
4.9832
4.98513
4.98352
4.98513
4.98706
4.98448
4.98642
4.98481
4.98223
4.98513
4.98642
4.9861
4.98416
4.98577
4.98416
4.98352
4.98255
4.98545
4.98448
4.98352
4.98158
4.98384
4.98287
4.98416
4.98158
4.98706
4.98352
4.98771
4.98513
4.98287
4.98545
4.98416
4.98416
4.98738
4.98513
4.98384
4.98352
4.98287
4.98384
4.98416
4.98287
4.98416
4.98577
4.98481
4.98384
4.9832
4.98062
4.98416
4.9832
4.98384
4.98513
4.9832
4.98158
4.98448
4.98255
4.98577
4.98287
4.98545
4.98513
4.98255
4.98255
4.98416
4.98513
4.98158
4.98287
4.98513
4.98352
4.98287
4.98384
4.98191
4.98416
4.98416
4.98448
4.98126
4.98191
4.98513
4.98481
4.98384
4.9832
4.98642
4.98481
4.98094
4.98481
4.98706
4.98352
4.98287
4.98448
4.98448
4.98255
4.98448
4.98481
4.98481
4.98223
4.98255
4.98255
4.98384
4.98545
4.98513
4.98416
4.98545
4.98352
4.98481
4.98513
4.98545
4.98384
4.98352
4.98255
4.98384
4.98126
4.98287
4.98545
4.98352
4.98158
4.9832
4.98255
4.98545
4.98352
4.98416
4.98352
4.98513
4.9861
4.98481
4.98545
4.98481
4.98223
4.98642
4.98545
4.98674
4.98448
4.98416
4.98867
4.98513
4.98287
4.98352
4.98416
4.98223
4.98481
4.98513
4.98448
4.98545
4.98352
4.9832
4.98384
4.98287
4.98094
4.98384
4.98513
4.98545
4.98513
4.98191
4.98674
4.98577
4.98158
4.9832
4.98481
4.98545
4.98545
4.98481
4.98513
4.98287
4.98577
4.98545
4.98481
4.9832
4.98513
4.98416
4.98287
4.98416
4.98416
4.98448
4.98481
4.98642
4.98223
4.98481
4.98577
4.98352
4.98384
4.9832
4.98352
4.98513
4.98577
4.9861
4.98352
4.98287
4.98255
4.98448
4.98191
4.98191
4.98384
4.9832
4.98448
4.98577
4.98191
4.98287
4.98094
4.98384
4.98191
4.98545
4.98352
4.98481
4.98352
4.98577
4.9832
4.98448
4.98287
4.98384
4.98481
4.9832
4.98287
4.98158
4.98352
4.98255
4.98448
4.98513
4.98513
4.98287
4.98545
4.9832
4.98545
4.98158
4.98384
4.98448
4.98448
4.98448
4.98416
4.98448
4.98481
4.98448
4.98416
4.98384
4.98384
4.98481
4.98126
4.98223
4.98481
4.98513
4.98352
4.98352
4.9861
4.98352
4.98158
4.98352
4.98287
4.98513
4.98481
4.98448
4.98513
4.98481
4.98448
4.98481
4.98738
4.98674
4.98513
4.98448
4.98481
4.98223
4.98674
4.98577
4.98577
4.98191
4.98223
4.98223
4.9832
4.98352
4.9832
4.98513
4.98287
4.98352
4.98481
4.98126
4.98545
4.98384
4.9832
4.98416
4.98513
4.98255
4.98352
4.98094
4.98384
4.98287
4.98448
4.98481
4.98287
4.98255
4.98448
4.98577
4.98352
4.98126
4.98384
4.98577
4.98448
4.98352
4.98416
4.98223
4.98674
4.98352
4.98545
4.98481
4.98158
4.98545
4.98287
4.98513
4.98481
4.9832
4.98481
4.98255
4.98287
4.98287
4.98352
4.9832
4.98545
4.98352
4.98545
4.98642
4.98191
4.98384
4.98416
4.98513
4.98545
4.98352
4.98287
4.98287
4.98287
4.98513
4.98545
4.9832
4.98287
4.98384
4.98287
4.98416
4.9861
4.98352
4.98191
4.98577
4.98287
4.98384
4.98384
4.98384
4.98448
4.98448
4.98223
4.98384
4.98287
4.98416
4.98545
4.98287
4.98642
4.98545
4.98255
4.98513
4.98545
4.9832
4.98223
4.98481
4.98352
4.98223
4.98577
4.98513
4.98545
4.98384
4.9832
4.98448
4.98223
4.98223
4.98287
4.98481
4.98481
4.98481
4.98384
4.98191
4.98706
4.98416
4.98384
4.98384
4.98126
4.98384
4.9861
4.98481
4.98384
4.98384
4.9832
4.98287
4.98287
4.98481
4.98481
4.98352
4.98448
4.98223
4.98223
4.98352
4.98352
4.98223
4.98158
4.98352
4.98287
4.98191
4.98545
4.98577
4.98416
4.98416
4.98481
4.98481
4.98481
4.98577
4.98352
4.98384
4.98416
4.98384
4.98481
4.98448
4.98448
4.98255
4.98287
4.98674
4.98416
4.98545
4.98642
4.98513
4.98416
4.98416
4.98416
4.98416
4.9832
4.98513
4.98416
4.98577
4.98384
4.98706
4.98158
4.98545
4.98738
4.98448
4.98126
4.98287
4.98384
4.98448
4.98481
4.98384
4.98255
4.98223
4.98448
4.98223
4.98255
4.9861
4.98352
4.98062
4.98481
4.98384
4.98062
4.98416
4.98448
4.98416
4.9832
4.98803
4.98577
4.98513
4.98352
4.98384
4.98513
4.98255
4.98416
4.98287
4.98481
4.98255
4.98223
4.98448
4.98384
4.9832
4.98448
4.98255
4.98287
4.98255
4.98094
4.98352
4.9861
4.98384
4.9832
4.98481
4.98158
4.98287
4.98481
4.98481
4.98223
4.98577
4.98481
4.98191
4.9832
4.98416
4.98287
4.98352
4.98545
4.98513
4.98223
4.98384
4.98416
4.98481
4.98416
4.98513
4.98448
4.98287
4.98352
4.9832
4.9832
4.98545
4.98416
4.9861
4.98448
4.98481
4.98416
4.98223
4.98545
4.98094
4.98158
4.98287
4.98513
4.9832
4.98513
4.98545
4.98384
4.98416
4.98287
4.9832
4.9832
4.98771
4.98448
4.98545
4.98384
4.98158
4.98577
4.98545
4.9861
4.98481
4.98481
4.98416
4.98481
4.98384
4.98448
4.9832
4.98384
4.98481
4.9832
4.98191
4.98448
4.98352
4.98448
4.98448
4.98384
4.9832
4.98545
4.98384
4.98545
4.98481
4.98416
4.98223
4.98481
4.98545
4.98481
4.98352
4.98287
4.98287
4.98126
4.98545
4.98642
4.98513
4.98448
4.98384
4.98448
4.98416
4.98352
4.98223
4.98513
4.98577
4.98384
4.98545
4.98545
4.98513
4.98416
4.98352
4.98481
4.98513
4.98416
4.98448
4.98481
4.98513
4.98513
4.98674
4.98448
4.98577
4.98642
4.98448
4.98545
4.98706
4.98223
4.98352
4.9861
4.98577
4.9832
4.98287
4.98126
4.98352
4.98416
4.98287
4.98094
4.98158
4.98223
4.98223
4.98352
4.98223
4.98384
4.98191
4.98448
4.98384
4.98416
4.98352
4.98223
4.98513
4.98513
4.98481
4.98448
4.98577
4.9832
4.98416
4.98352
4.98352
4.98352
4.98255
4.98448
4.98416
4.98416
4.98448
4.98384
4.98964
4.9832
4.98126
4.9861
4.98481
4.98448
4.98126
4.9861
4.98384
4.98481
4.9832
4.98352
4.98384
4.98448
4.9832
4.98287
4.98448
4.98384
4.98255
4.98223
4.98642
4.98416
4.98126
4.98448
4.98577
4.98513
4.98642
4.98577
4.98674
4.98448
4.98642
4.98481
4.98448
4.98352
4.98223
4.98223
4.98352
4.98577
4.98352
4.98416
4.98513
4.97965
4.98255
4.98287
4.98255
4.98255
4.98352
4.98481
4.98448
4.98545
4.98223
4.98448
4.98384
4.9861
4.9832
4.98513
4.98287
4.98158
4.98448
4.98513
4.98513
4.98416
4.98384
4.98416
4.98481
4.98513
4.98481
4.98481
4.98448
4.98191
4.9861
4.98158
4.98448
4.98448
4.98384
4.9832
4.98126
4.98448
4.9832
4.98545
4.98545
4.98416
4.98255
4.98448
4.98191
4.98481
4.98481
4.9832
4.98287
4.98287
4.98448
4.9832
4.98416
4.98191
4.9832
4.98416
4.98287
4.98416
4.98384
4.98287
4.98706
4.98029
4.98384
4.9832
4.98255
4.98513
4.98287
4.98223
4.98287
4.98287
4.98352
4.98416
4.98545
4.98481
4.98287
4.98545
4.98513
4.98513
4.98513
4.98448
4.98481
4.98352
4.98513
4.98545
4.98416
4.9832
4.98126
4.98287
4.98448
4.98255
4.98545
4.98384
4.98255
4.98352
4.98255
4.98384
4.98416
4.98255
4.98287
4.98513
4.98513
4.98416
4.98094
4.98384
4.98481
4.98352
4.98223
4.98481
4.98384
4.98384
4.98416
4.98416
4.98481
4.9832
4.9832