0	1.67479	0.0043
4.00E-06	1.71347	0.0043
8.00E-06	1.74763	0.0043
1.20E-05	1.77824	0.0043
1.60E-05	1.80402	0.0043
2.00E-05	1.82465	0.0043
2.40E-05	1.84173	0.0043
2.80E-05	1.85333	0.0043
3.20E-05	1.86106	0.0043
3.60E-05	1.86332	0.0043
4.00E-05	1.86139	0.0043
4.40E-05	1.85333	0.0043
4.80E-05	1.84044	0.0043
5.20E-05	1.82304	0.0043
5.60E-05	1.79919	0.0043
6.00E-05	1.77115	0.0043
6.40E-05	1.7386	0.0043
6.80E-05	1.69929	0.0043
7.20E-05	1.65771	0.0043
7.60E-05	1.61163	0.0043
8.00E-05	1.56136	0.0043
8.40E-05	1.50625	0.0043
8.80E-05	1.44824	0.0043
9.20E-05	1.38701	0.0043
9.60E-05	1.32191	0.0043
1.00E-04	1.25327	0.0043
0.000104	1.18237	0.0043
0.000108	1.10922	0.0043
0.000112	1.03284	0.0043
0.000116	0.954208	0.0043
0.00012	0.874286	0.0043
0.000124	0.791786	0.0043
0.000128	0.707675	0.0043
0.000132	0.621631	0.0043
0.000136	0.535264	0.0043
0.00014	0.445996	0.0043
0.000144	0.356729	0.0043
0.000148	0.267139	0.0043
0.000152	0.177228	0.0043
0.000156	0.0853823	0.0043
0.00016	-0.00581855	0.0043
0.000164	-0.0966971	0.0043
0.000168	-0.187576	0.0043
0.000172	-0.278132	0.0043
0.000176	-0.367399	0.0043
0.00018	-0.456022	0.0043
0.000184	-0.544644	0.0043
0.000188	-0.630366	0.0043
0.000192	-0.7148	0.0043
0.000196	-0.797621	0.0043
0.0002	-0.879154	0.0043
0.000204	-0.957464	0.0043
0.000208	-1.03449	0.0043
0.000212	-1.10861	0.0043
0.000216	-1.18112	0.0043
0.00022	-1.24944	0.0043
0.000224	-1.31518	0.0043
0.000228	-1.37834	0.0043
0.000232	-1.4386	0.0043
0.000236	-1.49436	0.0043
0.00024	-1.54721	0.0043
0.000244	-1.59684	0.0043
0.000248	-1.6426	0.0043
0.000252	-1.68417	0.0043
0.000256	-1.72123	0.0043
0.00026	-1.75539	0.0043
0.000264	-1.78343	0.0043
0.000268	-1.80921	0.0043
0.000272	-1.82919	0.0043
0.000276	-1.84498	0.0043
0.00028	-1.85561	0.0043
0.000284	-1.86206	0.0043
0.000288	-1.8627	0.0043
0.000292	-1.85948	0.0043
0.000296	-1.85078	0.0043
0.0003	-1.83596	0.0043
0.000304	-1.81565	0.0043
0.000308	-1.79148	0.0043
0.000312	-1.76151	0.0043
0.000316	-1.72639	0.0043
0.00032	-1.68675	0.0043
0.000324	-1.64324	0.0043
0.000328	-1.5949	0.0043
0.000332	-1.54205	0.0043
0.000336	-1.48501	0.0043
0.00034	-1.42571	0.0043
0.000344	-1.36191	0.0043
0.000348	-1.29616	0.0043
0.000352	-1.22527	0.0043
0.000356	-1.15211	0.0043
0.00036	-1.07735	0.0043
0.000364	-0.999681	0.0043
0.000368	-0.919115	0.0043
0.000372	-0.836615	0.0043
0.000376	-0.752827	0.0043
0.00038	-0.667427	0.0043
0.000384	-0.580093	0.0043
0.000388	-0.491793	0.0043
0.000392	-0.401881	0.0043
0.000396	-0.311325	0.0043
0.0004	-0.220769	0.0043
0.000404	-0.128924	0.0043
0.000408	-0.0374004	0.0043
0.000412	0.0547671	0.0043
0.000416	0.14629	0.0043
0.00042	0.237813	0.0043
0.000424	0.327725	0.0043
0.000428	0.417959	0.0043
0.000432	0.506582	0.0043
0.000436	0.593916	0.0043
0.00044	0.678994	0.0043
0.000444	0.763749	0.0043
0.000448	0.846249	0.0043
0.000452	0.92456	0.0043
0.000456	1.00287	0.0043
0.00046	1.07828	0.0043
0.000464	1.15079	0.0043
0.000468	1.22072	0.0043
0.000472	1.28775	0.0043
0.000476	1.35156	0.0043
0.00048	1.41311	0.0043
0.000484	1.47048	0.0043
0.000488	1.52526	0.0043
0.000492	1.57554	0.0043
0.000496	1.62259	0.0043
0.0005	1.66513	0.0043
0.000504	1.70348	0.0043
0.000508	1.73828	0.0043
0.000512	1.7689	0.0043
0.000516	1.79564	0.0043
0.00052	1.81691	0.0043
0.000524	1.83464	0.0043
0.000528	1.84688	0.0043
0.000532	1.85494	0.0043
0.000536	1.85849	0.0043
0.00054	1.85591	0.0043
0.000544	1.84914	0.0043
0.000548	1.83593	0.0043
0.000552	1.81981	0.0043
0.000556	1.79693	0.0043
0.00056	1.76954	0.0043
0.000564	1.73667	0.0043
0.000568	1.69896	0.0043
0.000572	1.65739	0.0043
0.000576	1.61163	0.0043
0.00058	1.56136	0.0043
0.000584	1.50818	0.0043
0.000588	1.4505	0.0043
0.000592	1.3883	0.0043
0.000596	1.32385	0.0043
0.0006	1.25649	0.0043
0.000604	1.18527	0.0043
0.000608	1.1118	0.0043
0.000612	1.03606	0.0043
0.000616	0.958075	0.0043
0.00062	0.876864	0.0043
0.000624	0.794687	0.0043
0.000628	0.710253	0.0043
0.000632	0.624209	0.0043
0.000636	0.537842	0.0043
0.00064	0.449219	0.0043
0.000644	0.359307	0.0043
0.000648	0.269718	0.0043
0.000652	0.179483	0.0043
0.000656	0.0882826	0.0043
0.00066	-0.00388496	0.0043
0.000664	-0.094119	0.0043
0.000668	-0.18532	0.0043
0.000672	-0.276521	0.0043
0.000676	-0.365788	0.0043
0.00068	-0.455055	0.0043
0.000684	-0.542711	0.0043
0.000688	-0.628433	0.0043
0.000692	-0.713511	0.0043
0.000696	-0.796655	0.0043
0.0007	-0.878187	0.0043
0.000704	-0.95682	0.0043
0.000708	-1.03416	0.0043
0.000712	-1.10764	0.0043
0.000716	-1.18015	0.0043
0.00072	-1.24879	0.0043
0.000724	-1.3155	0.0043
0.000728	-1.37834	0.0043
0.000732	-1.4386	0.0043
0.000736	-1.49468	0.0043
0.00074	-1.54785	0.0043
0.000744	-1.59716	0.0043
0.000748	-1.64324	0.0043
0.000752	-1.68449	0.0043
0.000756	-1.72252	0.0043
0.00076	-1.75571	0.0043
0.000764	-1.78472	0.0043
0.000768	-1.81017	0.0043
0.000772	-1.8308	0.0043
0.000776	-1.84562	0.0043
0.00078	-1.85626	0.0043
0.000784	-1.86238	0.0043
0.000788	-1.86367	0.0043
0.000792	-1.86013	0.0043
0.000796	-1.8511	0.0043
0.0008	-1.83596	0.0043
0.000804	-1.81662	0.0043
0.000808	-1.79181	0.0043
0.000812	-1.76087	0.0043
0.000816	-1.72671	0.0043
0.00082	-1.68739	0.0043
0.000824	-1.64324	0.0043
0.000828	-1.5949	0.0043
0.000832	-1.5427	0.0043
0.000836	-1.4863	0.0043
0.00084	-1.42604	0.0043
0.000844	-1.36223	0.0043
0.000848	-1.29584	0.0043
0.000852	-1.22559	0.0043
0.000856	-1.15276	0.0043
0.00086	-1.07767	0.0043
0.000864	-0.999359	0.0043
0.000868	-0.920404	0.0043
0.000872	-0.836615	0.0043
0.000876	-0.753471	0.0043
0.00088	-0.667749	0.0043
0.000884	-0.58106	0.0043
0.000888	-0.492115	0.0043
0.000892	-0.402204	0.0043
0.000896	-0.311325	0.0043
0.0009	-0.220769	0.0043
0.000904	-0.129246	0.0043
0.000908	-0.0374004	0.0043
0.000912	0.0544449	0.0043
0.000916	0.145323	0.0043
0.00092	0.237813	0.0043
0.000924	0.327725	0.0043
0.000928	0.417315	0.0043
0.000932	0.506582	0.0043
0.000936	0.593916	0.0043
0.00094	0.678671	0.0043
0.000944	0.763427	0.0043
0.000948	0.845282	0.0043
0.000952	0.925204	0.0043
0.000956	1.00255	0.0043
0.00096	1.07828	0.0043
0.000964	1.15079	0.0043
0.000968	1.2204	0.0043
0.000972	1.28743	0.0043
0.000976	1.35285	0.0043
0.00098	1.41279	0.0043
0.000984	1.4708	0.0043
0.000988	1.52494	0.0043
0.000992	1.57554	0.0043
0.000996	1.62194	0.0043
0.001	1.66545	0.0043
0.001004	1.70348	0.0043
0.001008	1.73796	0.0043
0.001012	1.76922	0.0043
0.001016	1.79532	0.0043
0.00102	1.81627	0.0043
0.001024	1.83335	0.0043
0.001028	1.84688	0.0043
0.001032	1.85462	0.0043
0.001036	1.85752	0.0043
0.00104	1.85591	0.0043
0.001044	1.8485	0.0043
0.001048	1.83657	0.0043
0.001052	1.81949	0.0043
0.001056	1.79693	0.0043
0.00106	1.76922	0.0043
0.001064	1.73699	0.0043
0.001068	1.69896	0.0043
0.001072	1.65804	0.0043
0.001076	1.61195	0.0043
0.00108	1.56265	0.0043
0.001084	1.50818	0.0043
0.001088	1.45017	0.0043
0.001092	1.38862	0.0043
0.001096	1.32385	0.0043
0.0011	1.2552	0.0043
0.001104	1.18559	0.0043
0.001108	1.1118	0.0043
0.001112	1.03606	0.0043
0.001116	0.957753	0.0043
0.00112	0.878153	0.0043
0.001124	0.795331	0.0043
0.001128	0.710898	0.0043
0.001132	0.625175	0.0043
0.001136	0.538486	0.0043
0.00114	0.450186	0.0043
0.001144	0.360596	0.0043
0.001148	0.270362	0.0043
0.001152	0.179806	0.0043
0.001156	0.0882826	0.0043
0.00116	-0.00324043	0.0043
0.001164	-0.094119	0.0043
0.001168	-0.184675	0.0043
0.001172	-0.276198	0.0043
0.001176	-0.365465	0.0043
0.00118	-0.45441	0.0043
0.001184	-0.542711	0.0043
0.001188	-0.628433	0.0043
0.001192	-0.713511	0.0043
0.001196	-0.796977	0.0043
0.0012	-0.877543	0.0043
0.001204	-0.956498	0.0043
0.001208	-1.03416	0.0043
0.001212	-1.10796	0.0043
0.001216	-1.1795	0.0043
0.00122	-1.24879	0.0043
0.001224	-1.31518	0.0043
0.001228	-1.37802	0.0043
0.001232	-1.43764	0.0043
0.001236	-1.49468	0.0043
0.00124	-1.54721	0.0043
0.001244	-1.59684	0.0043
0.001248	-1.64228	0.0043
0.001252	-1.68385	0.0043
0.001256	-1.72187	0.0043
0.00126	-1.75571	0.0043
0.001264	-1.78439	0.0043
0.001268	-1.80953	0.0043
0.001272	-1.82983	0.0043
0.001276	-1.84595	0.0043
0.00128	-1.85658	0.0043
0.001284	-1.8627	0.0043
0.001288	-1.86367	0.0043
0.001292	-1.86013	0.0043
0.001296	-1.8511	0.0043
0.0013	-1.83692	0.0043
0.001304	-1.81694	0.0043
0.001308	-1.79213	0.0043
0.001312	-1.76151	0.0043
0.001316	-1.72671	0.0043
0.00132	-1.68771	0.0043
0.001324	-1.64389	0.0043
0.001328	-1.59555	0.0043
0.001332	-1.54302	0.0043
0.001336	-1.48694	0.0043
0.00134	-1.42668	0.0043
0.001344	-1.36255	0.0043
0.001348	-1.29681	0.0043
0.001352	-1.22591	0.0043
0.001356	-1.15405	0.0043
0.00136	-1.07702	0.0043
0.001364	-1	0.0043
0.001368	-0.920082	0.0043
0.001372	-0.83726	0.0043
0.001376	-0.753794	0.0043
0.00138	-0.668394	0.0043
0.001384	-0.581382	0.0043
0.001388	-0.492437	0.0043
0.001392	-0.401881	0.0043
0.001396	-0.31197	0.0043
0.0014	-0.220769	0.0043
0.001404	-0.129568	0.0043
0.001408	-0.0377227	0.0043
0.001412	0.0544449	0.0043
0.001416	0.14629	0.0043
0.00142	0.237169	0.0043
0.001424	0.32837	0.0043
0.001428	0.417315	0.0043
0.001432	0.50626	0.0043
0.001436	0.593271	0.0043
0.00144	0.678994	0.0043
0.001444	0.763427	0.0043
0.001448	0.845282	0.0043
0.001452	0.92456	0.0043
0.001456	1.00287	0.0043
0.00146	1.07828	0.0043
0.001464	1.15047	0.0043
0.001468	1.2204	0.0043
0.001472	1.28743	0.0043
0.001476	1.35124	0.0043
0.00148	1.41247	0.0043
0.001484	1.46983	0.0043
0.001488	1.5243	0.0043
0.001492	1.57489	0.0043
0.001496	1.62162	0.0043
0.0015	1.6648	0.0043
0.001504	1.70348	0.0043
0.001508	1.7386	0.0043
0.001512	1.76922	0.0043
0.001516	1.795	0.0043
0.00152	1.81659	0.0043
0.001524	1.83335	0.0043
0.001528	1.84624	0.0043
0.001532	1.85462	0.0043
0.001536	1.85849	0.0043
0.00154	1.85591	0.0043
0.001544	1.84946	0.0043
0.001548	1.83625	0.0043
0.001552	1.82014	0.0043
0.001556	1.79725	0.0043
0.00156	1.76922	0.0043
0.001564	1.73667	0.0043
0.001568	1.69929	0.0043
0.001572	1.65804	0.0043
0.001576	1.61163	0.0043
0.00158	1.562	0.0043
0.001584	1.50818	0.0043
0.001588	1.4505	0.0043
0.001592	1.38894	0.0043
0.001596	1.32385	0.0043
0.0016	1.25617	0.0043
0.001604	1.18592	0.0043
0.001608	1.11244	0.0043
0.001612	1.03639	0.0043
0.001616	0.958075	0.0043
0.00162	0.878153	0.0043
0.001624	0.795976	0.0043
0.001628	0.711542	0.0043
0.001632	0.625175	0.0043
0.001636	0.538486	0.0043
0.00164	0.450186	0.0043
0.001644	0.360274	0.0043
0.001648	0.270684	0.0043
0.001652	0.180128	0.0043
0.001656	0.0882826	0.0043
0.00166	-0.0025959	0.0043
0.001664	-0.0931522	0.0043
0.001668	-0.184675	0.0043
0.001672	-0.274909	0.0043
0.001676	-0.365465	0.0043
0.00168	-0.453766	0.0043
0.001684	-0.542066	0.0043
0.001688	-0.628111	0.0043
0.001692	-0.712866	0.0043
0.001696	-0.79601	0.0043
0.0017	-0.877543	0.0043
0.001704	-0.955853	0.0043
0.001708	-1.03416	0.0043
0.001712	-1.10699	0.0043
0.001716	-1.1795	0.0043
0.00172	-1.24815	0.0043
0.001724	-1.31518	0.0043
0.001728	-1.37802	0.0043
0.001732	-1.4386	0.0043
0.001736	-1.49436	0.0043
0.00174	-1.54753	0.0043
0.001744	-1.59716	0.0043
0.001748	-1.6426	0.0043
0.001752	-1.68481	0.0043
0.001756	-1.7222	0.0043
0.00176	-1.75539	0.0043
0.001764	-1.78439	0.0043
0.001768	-1.80953	0.0043
0.001772	-1.83015	0.0043
0.001776	-1.84498	0.0043
0.00178	-1.8569	0.0043
0.001784	-1.86238	0.0043
0.001788	-1.86335	0.0043
0.001792	-1.86045	0.0043
0.001796	-1.8511	0.0043
0.0018	-1.83628	0.0043
0.001804	-1.81694	0.0043
0.001808	-1.79181	0.0043
0.001812	-1.76184	0.0043
0.001816	-1.72703	0.0043
0.00182	-1.68771	0.0043
0.001824	-1.64389	0.0043
0.001828	-1.59522	0.0043
0.001832	-1.54302	0.0043
0.001836	-1.4863	0.0043
0.00184	-1.42636	0.0043
0.001844	-1.36319	0.0043
0.001848	-1.29584	0.0043
0.001852	-1.22623	0.0043
0.001856	-1.15308	0.0043
0.00186	-1.07831	0.0043
0.001864	-0.999359	0.0043
0.001868	-0.920726	0.0043
0.001872	-0.837904	0.0043
0.001876	-0.754438	0.0043
0.00188	-0.668394	0.0043
0.001884	-0.581382	0.0043
0.001888	-0.492115	0.0043
0.001892	-0.40317	0.0043
0.001896	-0.31197	0.0043
0.0019	-0.221736	0.0043
0.001904	-0.12989	0.0043
0.001908	-0.0383672	0.0043
0.001912	0.0538004	0.0043
0.001916	0.145968	0.0043
0.00192	0.236524	0.0043
0.001924	0.327403	0.0043
0.001928	0.417315	0.0043
0.001932	0.505937	0.0043
0.001936	0.593593	0.0043
0.00194	0.678349	0.0043
0.001944	0.762783	0.0043
0.001948	0.844316	0.0043
0.001952	0.92456	0.0043
0.001956	1.00223	0.0043
0.00196	1.07731	0.0043
0.001964	1.1495	0.0043
0.001968	1.22008	0.0043
0.001972	1.28679	0.0043
0.001976	1.35092	0.0043
0.00198	1.4115	0.0043
0.001984	1.47015	0.0043
0.001988	1.52462	0.0043
0.001992	1.57489	0.0043
0.001996	1.62194	0.0043