0	-0.0357891	0.0043
4.00E-06	0.200108	0.0043
8.00E-06	0.432783	0.0043
1.20E-05	0.668681	0.0043
1.60E-05	0.898456	0.0043
2.00E-05	1.12952	0.0043
2.40E-05	1.35349	0.0043
2.80E-05	1.57296	0.0043
3.20E-05	1.79725	0.0043
3.60E-05	2.00931	0.0043
4.00E-05	2.21846	0.0043
4.40E-05	2.42116	0.0043
4.80E-05	2.61742	0.0043
5.20E-05	2.80982	0.0043
5.60E-05	2.99609	0.0043
6.00E-05	3.16882	0.0043
6.40E-05	3.33769	0.0043
6.80E-05	3.49851	0.0043
7.20E-05	3.65062	0.0043
7.60E-05	3.79338	0.0043
8.00E-05	3.92712	0.0043
8.40E-05	4.05152	0.0043
8.80E-05	4.16496	0.0043
9.20E-05	4.26648	0.0043
9.60E-05	4.36026	0.0043
1.00E-04	4.43728	0.0043
0.000104	4.50721	0.0043
0.000108	4.5591	0.0043
0.000112	4.60293	0.0043
0.000116	4.6416	0.0043
0.00012	4.65997	0.0043
0.000124	4.6706	0.0043
0.000128	4.66706	0.0043
0.000132	4.659	0.0043
0.000136	4.62871	0.0043
0.00014	4.59197	0.0043
0.000144	4.54524	0.0043
0.000148	4.48401	0.0043
0.000152	4.41472	0.0043
0.000156	4.32642	0.0043
0.00016	4.2336	0.0043
0.000164	4.1279	0.0043
0.000168	4.01285	0.0043
0.000172	3.88652	0.0043
0.000176	3.75568	0.0043
0.00018	3.60969	0.0043
0.000184	3.455	0.0043
0.000188	3.28678	0.0043
0.000192	3.12016	0.0043
0.000196	2.94034	0.0043
0.0002	2.75535	0.0043
0.000204	2.55716	0.0043
0.000208	2.35574	0.0043
0.000212	2.14949	0.0043
0.000216	1.94227	0.0043
0.00022	1.72346	0.0043
0.000224	1.50689	0.0043
0.000228	1.27647	0.0043
0.000232	1.05347	0.0043
0.000236	0.823691	0.0043
0.00024	0.588115	0.0043
0.000244	0.362207	0.0043
0.000248	0.12631	0.0043
0.000252	-0.111521	0.0043
0.000256	-0.342585	0.0043
0.00026	-0.579126	0.0043
0.000264	-0.81019	0.0043
0.000268	-1.03803	0.0043
0.000272	-1.26748	0.0043
0.000276	-1.49146	0.0043
0.00028	-1.71092	0.0043
0.000284	-1.92845	0.0043
0.000288	-2.14146	0.0043
0.000292	-2.34578	0.0043
0.000296	-2.5459	0.0043
0.0003	-2.7412	0.0043
0.000304	-2.9294	0.0043
0.000308	-3.11309	0.0043
0.000312	-3.28163	0.0043
0.000316	-3.4505	0.0043
0.00032	-3.60261	0.0043
0.000324	-3.75407	0.0043
0.000328	-3.89039	0.0043
0.000332	-4.01736	0.0043
0.000336	-4.13596	0.0043
0.00034	-4.24198	0.0043
0.000344	-4.33834	0.0043
0.000348	-4.43244	0.0043
0.000352	-4.50592	0.0043
0.000356	-4.56779	0.0043
0.00036	-4.61452	0.0043
0.000364	-4.65867	0.0043
0.000368	-4.68445	0.0043
0.000372	-4.70766	0.0043
0.000376	-4.70734	0.0043
0.00038	-4.69767	0.0043
0.000384	-4.67575	0.0043
0.000388	-4.64739	0.0043
0.000392	-4.6026	0.0043
0.000396	-4.54588	0.0043
0.0004	-4.48046	0.0043
0.000404	-4.40408	0.0043
0.000408	-4.3161	0.0043
0.000412	-4.21459	0.0043
0.000416	-4.10534	0.0043
0.00042	-3.98482	0.0043
0.000424	-3.85365	0.0043
0.000428	-3.71315	0.0043
0.000432	-3.55878	0.0043
0.000436	-3.40506	0.0043
0.00044	-3.2378	0.0043
0.000444	-3.06217	0.0043
0.000448	-2.87526	0.0043
0.000452	-2.68931	0.0043
0.000456	-2.48951	0.0043
0.00046	-2.28551	0.0043
0.000464	-2.07701	0.0043
0.000468	-1.86077	0.0043
0.000472	-1.64356	0.0043
0.000476	-1.42056	0.0043
0.00048	-1.19078	0.0043
0.000484	-0.961009	0.0043
0.000488	-0.730268	0.0043
0.000492	-0.50565	0.0043
0.000496	-0.269108	0.0043
0.0005	-0.0328887	0.0043
0.000504	0.202042	0.0043
0.000508	0.435039	0.0043
0.000512	0.671582	0.0043
0.000516	0.902646	0.0043
0.00052	1.13081	0.0043
0.000524	1.35446	0.0043
0.000528	1.57521	0.0043
0.000532	1.7979	0.0043
0.000536	2.00931	0.0043
0.00054	2.21878	0.0043
0.000544	2.42245	0.0043
0.000548	2.61936	0.0043
0.000552	2.80724	0.0043
0.000556	2.99609	0.0043
0.00056	3.17108	0.0043
0.000564	3.34059	0.0043
0.000568	3.50044	0.0043
0.000572	3.65094	0.0043
0.000576	3.79048	0.0043
0.00058	3.92487	0.0043
0.000584	4.05088	0.0043
0.000588	4.16013	0.0043
0.000592	4.26293	0.0043
0.000596	4.35832	0.0043
0.0006	4.4376	0.0043
0.000604	4.50592	0.0043
0.000608	4.55749	0.0043
0.000612	4.60389	0.0043
0.000616	4.63999	0.0043
0.00062	4.65965	0.0043
0.000624	4.67157	0.0043
0.000628	4.66706	0.0043
0.000632	4.65739	0.0043
0.000636	4.62742	0.0043
0.00064	4.59294	0.0043
0.000644	4.54556	0.0043
0.000648	4.4853	0.0043
0.000652	4.41214	0.0043
0.000656	4.32739	0.0043
0.00066	4.23167	0.0043
0.000664	4.12854	0.0043
0.000668	4.01124	0.0043
0.000672	3.88716	0.0043
0.000676	3.75407	0.0043
0.00068	3.61033	0.0043
0.000684	3.45403	0.0043
0.000688	3.28839	0.0043
0.000692	3.12274	0.0043
0.000696	2.94066	0.0043
0.0007	2.7531	0.0043
0.000704	2.55877	0.0043
0.000708	2.35832	0.0043
0.000712	2.15014	0.0043
0.000716	1.94324	0.0043
0.00072	1.72668	0.0043
0.000724	1.50657	0.0043
0.000728	1.27744	0.0043
0.000732	1.05443	0.0043
0.000736	0.824013	0.0043
0.00074	0.590049	0.0043
0.000744	0.364141	0.0043
0.000748	0.126632	0.0043
0.000752	-0.10701	0.0043
0.000756	-0.338717	0.0043
0.00076	-0.580093	0.0043
0.000764	-0.810512	0.0043
0.000768	-1.03642	0.0043
0.000772	-1.26652	0.0043
0.000776	-1.4921	0.0043
0.00078	-1.71092	0.0043
0.000784	-1.92426	0.0043
0.000788	-2.13759	0.0043
0.000792	-2.3432	0.0043
0.000796	-2.54623	0.0043
0.0008	-2.73926	0.0043
0.000804	-2.92714	0.0043
0.000808	-3.1118	0.0043
0.000812	-3.27905	0.0043
0.000816	-3.44921	0.0043
0.00082	-3.60229	0.0043
0.000824	-3.75214	0.0043
0.000828	-3.88814	0.0043
0.000832	-4.01769	0.0043
0.000836	-4.13531	0.0043
0.00084	-4.24456	0.0043
0.000844	-4.33899	0.0043
0.000848	-4.43115	0.0043
0.000852	-4.50173	0.0043
0.000856	-4.56812	0.0043
0.00086	-4.6142	0.0043
0.000864	-4.65964	0.0043
0.000868	-4.68671	0.0043
0.000872	-4.70605	0.0043
0.000876	-4.70218	0.0043
0.00088	-4.69509	0.0043
0.000884	-4.6764	0.0043
0.000888	-4.64933	0.0043
0.000892	-4.60324	0.0043
0.000896	-4.54781	0.0043
0.0009	-4.48207	0.0043
0.000904	-4.4015	0.0043
0.000908	-4.31739	0.0043
0.000912	-4.21427	0.0043
0.000916	-4.10728	0.0043
0.00092	-3.98514	0.0043
0.000924	-3.85462	0.0043
0.000928	-3.71379	0.0043
0.000932	-3.55878	0.0043
0.000936	-3.40506	0.0043
0.00094	-3.2378	0.0043
0.000944	-3.06024	0.0043
0.000948	-2.8759	0.0043
0.000952	-2.69092	0.0043
0.000956	-2.4908	0.0043
0.00096	-2.28745	0.0043
0.000964	-2.07669	0.0043
0.000968	-1.86399	0.0043
0.000972	-1.64066	0.0043
0.000976	-1.42024	0.0043
0.00098	-1.19304	0.0043
0.000984	-0.960365	0.0043
0.000988	-0.732524	0.0043
0.000992	-0.505328	0.0043
0.000996	-0.267819	0.0043
0.001	-0.0338555	0.0043
0.001004	0.201075	0.0043
0.001008	0.435039	0.0043
0.001012	0.670293	0.0043
0.001016	0.90039	0.0043
0.00102	1.13049	0.0043
0.001024	1.35317	0.0043
0.001028	1.57618	0.0043
0.001032	1.79532	0.0043
0.001036	2.01124	0.0043
0.00104	2.21846	0.0043
0.001044	2.41891	0.0043
0.001048	2.61936	0.0043
0.001052	2.80692	0.0043
0.001056	2.99448	0.0043
0.00106	3.16947	0.0043
0.001064	3.3393	0.0043
0.001068	3.50044	0.0043
0.001072	3.64901	0.0043
0.001076	3.79242	0.0043
0.00108	3.92584	0.0043
0.001084	4.04927	0.0043
0.001088	4.1627	0.0043
0.001092	4.26486	0.0043
0.001096	4.35542	0.0043
0.0011	4.43438	0.0043
0.001104	4.50496	0.0043
0.001108	4.5591	0.0043
0.001112	4.60196	0.0043
0.001116	4.63934	0.0043
0.00112	4.659	0.0043
0.001124	4.67189	0.0043
0.001128	4.66899	0.0043
0.001132	4.65771	0.0043
0.001136	4.63032	0.0043
0.00114	4.59165	0.0043
0.001144	4.54621	0.0043
0.001148	4.4853	0.0043
0.001152	4.41343	0.0043
0.001156	4.3261	0.0043
0.00116	4.23232	0.0043
0.001164	4.1279	0.0043
0.001168	4.01285	0.0043
0.001172	3.88491	0.0043
0.001176	3.75181	0.0043
0.00118	3.6084	0.0043
0.001184	3.45242	0.0043
0.001188	3.29064	0.0043
0.001192	3.12113	0.0043
0.001196	2.94291	0.0043
0.0012	2.75729	0.0043
0.001204	2.55813	0.0043
0.001208	2.35832	0.0043
0.001212	2.15433	0.0043
0.001216	1.9455	0.0043
0.00122	1.72668	0.0043
0.001224	1.50786	0.0043
0.001228	1.28034	0.0043
0.001232	1.05443	0.0043
0.001236	0.824335	0.0043
0.00124	0.591982	0.0043
0.001244	0.365108	0.0043
0.001248	0.131144	0.0043
0.001252	-0.106043	0.0043
0.001256	-0.340973	0.0043
0.00126	-0.579449	0.0043
0.001264	-0.811157	0.0043
0.001268	-1.0361	0.0043
0.001272	-1.26619	0.0043
0.001276	-1.48823	0.0043
0.00128	-1.70931	0.0043
0.001284	-1.92458	0.0043
0.001288	-2.13856	0.0043
0.001292	-2.34417	0.0043
0.001296	-2.54397	0.0043
0.0013	-2.73765	0.0043
0.001304	-2.92746	0.0043
0.001308	-3.11115	0.0043
0.001312	-3.28228	0.0043
0.001316	-3.44857	0.0043
0.00132	-3.60068	0.0043
0.001324	-3.75311	0.0043
0.001328	-3.88652	0.0043
0.001332	-4.01672	0.0043
0.001336	-4.13338	0.0043
0.00134	-4.24166	0.0043
0.001344	-4.33608	0.0043
0.001348	-4.42793	0.0043
0.001352	-4.50237	0.0043
0.001356	-4.56747	0.0043
0.00136	-4.6113	0.0043
0.001364	-4.66125	0.0043
0.001368	-4.68735	0.0043
0.001372	-4.70572	0.0043
0.001376	-4.7025	0.0043
0.00138	-4.69606	0.0043
0.001384	-4.6764	0.0043
0.001388	-4.64739	0.0043
0.001392	-4.60228	0.0043
0.001396	-4.54524	0.0043
0.0014	-4.48078	0.0043
0.001404	-4.40215	0.0043
0.001408	-4.31772	0.0043
0.001412	-4.21749	0.0043
0.001416	-4.10792	0.0043
0.00142	-3.98449	0.0043
0.001424	-3.85559	0.0043
0.001428	-3.7154	0.0043
0.001432	-3.56265	0.0043
0.001436	-3.40603	0.0043
0.00144	-3.23813	0.0043
0.001444	-3.05991	0.0043
0.001448	-2.87687	0.0043
0.001452	-2.69092	0.0043
0.001456	-2.4879	0.0043
0.00146	-2.2897	0.0043
0.001464	-2.07733	0.0043
0.001468	-1.86431	0.0043
0.001472	-1.64324	0.0043
0.001476	-1.42056	0.0043
0.00148	-1.19207	0.0043
0.001484	-0.961332	0.0043
0.001488	-0.730591	0.0043
0.001492	-0.506295	0.0043
0.001496	-0.265241	0.0043
0.0015	-0.0370782	0.0043
0.001504	0.199464	0.0043
0.001508	0.434717	0.0043
0.001512	0.669326	0.0043
0.001516	0.902001	0.0043
0.00152	1.12759	0.0043
0.001524	1.35124	0.0043
0.001528	1.57425	0.0043
0.001532	1.79725	0.0043
0.001536	2.00963	0.0043
0.00154	2.21717	0.0043
0.001544	2.41697	0.0043
0.001548	2.61742	0.0043
0.001552	2.80692	0.0043
0.001556	2.99673	0.0043
0.00156	3.16786	0.0043
0.001564	3.34027	0.0043
0.001568	3.49818	0.0043
0.001572	3.64997	0.0043
0.001576	3.79048	0.0043
0.00158	3.92648	0.0043
0.001584	4.04927	0.0043
0.001588	4.1627	0.0043
0.001592	4.261	0.0043
0.001596	4.35671	0.0043
0.0016	4.43406	0.0043
0.001604	4.50463	0.0043
0.001608	4.55684	0.0043
0.001612	4.60261	0.0043
0.001616	4.64031	0.0043
0.00162	4.65675	0.0043
0.001624	4.67318	0.0043
0.001628	4.66738	0.0043
0.001632	4.65868	0.0043
0.001636	4.63193	0.0043
0.00164	4.59423	0.0043
0.001644	4.54524	0.0043
0.001648	4.4853	0.0043
0.001652	4.41279	0.0043
0.001656	4.32545	0.0043
0.00166	4.23264	0.0043
0.001664	4.12758	0.0043
0.001668	4.01607	0.0043
0.001672	3.88716	0.0043
0.001676	3.75278	0.0043
0.00168	3.60937	0.0043
0.001684	3.45629	0.0043
0.001688	3.28742	0.0043
0.001692	3.12145	0.0043
0.001696	2.94195	0.0043
0.0017	2.756	0.0043
0.001704	2.56167	0.0043
0.001708	2.35993	0.0043
0.001712	2.154	0.0043
0.001716	1.9455	0.0043
0.00172	1.72861	0.0043
0.001724	1.50818	0.0043
0.001728	1.28002	0.0043
0.001732	1.05572	0.0043
0.001736	0.823691	0.0043
0.00174	0.59166	0.0043
0.001744	0.367041	0.0043
0.001748	0.128888	0.0043
0.001752	-0.106687	0.0043
0.001756	-0.33904	0.0043
0.00176	-0.574937	0.0043
0.001764	-0.807612	0.0043
0.001768	-1.03449	0.0043
0.001772	-1.26652	0.0043
0.001776	-1.48823	0.0043
0.00178	-1.70931	0.0043
0.001784	-1.92522	0.0043
0.001788	-2.13856	0.0043
0.001792	-2.34255	0.0043
0.001796	-2.54365	0.0043
0.0018	-2.74023	0.0043
0.001804	-2.92489	0.0043
0.001808	-3.10987	0.0043
0.001812	-3.27712	0.0043
0.001816	-3.44631	0.0043
0.00182	-3.60164	0.0043
0.001824	-3.75278	0.0043
0.001828	-3.88588	0.0043
0.001832	-4.01575	0.0043
0.001836	-4.13209	0.0043
0.00184	-4.24263	0.0043
0.001844	-4.33737	0.0043
0.001848	-4.42986	0.0043
0.001852	-4.50237	0.0043
0.001856	-4.56747	0.0043
0.00186	-4.6142	0.0043
0.001864	-4.65835	0.0043
0.001868	-4.68574	0.0043
0.001872	-4.70411	0.0043
0.001876	-4.70411	0.0043
0.00188	-4.69444	0.0043
0.001884	-4.6764	0.0043
0.001888	-4.64675	0.0043
0.001892	-4.60195	0.0043
0.001896	-4.5491	0.0043
0.0019	-4.48207	0.0043
0.001904	-4.40279	0.0043
0.001908	-4.31804	0.0043
0.001912	-4.21814	0.0043
0.001916	-4.10889	0.0043
0.00192	-3.98288	0.0043
0.001924	-3.85623	0.0043
0.001928	-3.71379	0.0043
0.001932	-3.56329	0.0043
0.001936	-3.40635	0.0043
0.00194	-3.23748	0.0043
0.001944	-3.06282	0.0043
0.001948	-2.87429	0.0043
0.001952	-2.69028	0.0043
0.001956	-2.48918	0.0043
0.00196	-2.29164	0.0043
0.001964	-2.07669	0.0043
0.001968	-1.86335	0.0043
0.001972	-1.6455	0.0043
0.001976	-1.4241	0.0043
0.00198	-1.19497	0.0043
0.001984	-0.961009	0.0043
0.001988	-0.733169	0.0043
0.001992	-0.505973	0.0043
0.001996	-0.268786	0.0043
0.002	-0.0361114	0.0043
0.002004	0.196563	0.0043
0.002008	0.43375	0.0043
0.002012	0.668037	0.0043
0.002016	0.902001	0.0043
0.00202	1.12469	0.0043
0.002024	1.35124	0.0043
0.002028	1.57521	0.0043
0.002032	1.79597	0.0043
0.002036	2.00641	0.0043
0.00204	2.21749	0.0043
0.002044	2.41794	0.0043
0.002048	2.61646	0.0043
0.002052	2.80498	0.0043
0.002056	2.99448	0.0043
0.00206	3.16915	0.0043
0.002064	3.33963	0.0043
0.002068	3.49851	0.0043
0.002072	3.64901	0.0043
0.002076	3.79306	0.0043
0.00208	3.92358	0.0043
0.002084	4.04991	0.0043
0.002088	4.16013	0.0043
0.002092	4.26035	0.0043
0.002096	4.35832	0.0043
0.0021	4.43245	0.0043
0.002104	4.50238	0.0043
0.002108	4.5591	0.0043
0.002112	4.60583	0.0043
0.002116	4.63838	0.0043
0.00212	4.65771	0.0043
0.002124	4.67125	0.0043
0.002128	4.66803	0.0043
0.002132	4.65707	0.0043
0.002136	4.62935	0.0043
0.00214	4.5939	0.0043
0.002144	4.5446	0.0043
0.002148	4.48562	0.0043
0.002152	4.41182	0.0043
0.002156	4.32513	0.0043
0.00216	4.23489	0.0043
0.002164	4.12822	0.0043
0.002168	4.01446	0.0043
0.002172	3.88749	0.0043
0.002176	3.75342	0.0043
0.00218	3.6084	0.0043
0.002184	3.45532	0.0043
0.002188	3.29064	0.0043
0.002192	3.12242	0.0043
0.002196	2.94066	0.0043
0.0022	2.75471	0.0043
0.002204	2.55877	0.0043
0.002208	2.35993	0.0043
0.002212	2.15529	0.0043
0.002216	1.94679	0.0043
0.00222	1.72861	0.0043
0.002224	1.50947	0.0043
0.002228	1.28195	0.0043
0.002232	1.05733	0.0043
0.002236	0.827558	0.0043
0.00224	0.593593	0.0043
0.002244	0.367364	0.0043
0.002248	0.130499	0.0043
0.002252	-0.105076	0.0043
0.002256	-0.337428	0.0043
0.00226	-0.574293	0.0043
0.002264	-0.807612	0.0043
0.002268	-1.03384	0.0043
0.002272	-1.26587	0.0043
0.002276	-1.48694	0.0043
0.00228	-1.71027	0.0043
0.002284	-1.9249	0.0043
0.002288	-2.13888	0.0043
0.002292	-2.34191	0.0043
0.002296	-2.54365	0.0043
0.0023	-2.74184	0.0043
0.002304	-2.9236	0.0043
0.002308	-3.10858	0.0043
0.002312	-3.27938	0.0043
0.002316	-3.44567	0.0043
0.00232	-3.60422	0.0043
0.002324	-3.75536	0.0043
0.002328	-3.88395	0.0043
0.002332	-4.01736	0.0043
0.002336	-4.13177	0.0043
0.00234	-4.23876	0.0043
0.002344	-4.33834	0.0043
0.002348	-4.43051	0.0043
0.002352	-4.50527	0.0043
0.002356	-4.5607	0.0043
0.00236	-4.6142	0.0043
0.002364	-4.65867	0.0043
0.002368	-4.68703	0.0043
0.002372	-4.70637	0.0043
0.002376	-4.70508	0.0043
0.00238	-4.69509	0.0043
0.002384	-4.67736	0.0043
0.002388	-4.64449	0.0043
0.002392	-4.60099	0.0043
0.002396	-4.54717	0.0043
0.0024	-4.48336	0.0043
0.002404	-4.40279	0.0043
0.002408	-4.31707	0.0043
0.002412	-4.21846	0.0043
0.002416	-4.10792	0.0043
0.00242	-3.98514	0.0043
0.002424	-3.8572	0.0043
0.002428	-3.71862	0.0043
0.002432	-3.56426	0.0043
0.002436	-3.40506	0.0043
0.00244	-3.24071	0.0043
0.002444	-3.06153	0.0043
0.002448	-2.87751	0.0043
0.002452	-2.69028	0.0043
0.002456	-2.49015	0.0043
0.00246	-2.29228	0.0043
0.002464	-2.07959	0.0043
0.002468	-1.86689	0.0043
0.002472	-1.64485	0.0043
0.002476	-1.42185	0.0043
0.00248	-1.19368	0.0043
0.002484	-0.962621	0.0043
0.002488	-0.732202	0.0043
0.002492	-0.505006	0.0043
0.002496	-0.269753	0.0043
0.0025	-0.0374004	0.0043
0.002504	0.194952	0.0043
0.002508	0.434072	0.0043
0.002512	0.667392	0.0043
0.002516	0.901034	0.0043
0.00252	1.12694	0.0043
0.002524	1.34769	0.0043
0.002528	1.57457	0.0043
0.002532	1.79371	0.0043
0.002536	2.00641	0.0043
0.00254	2.2162	0.0043
0.002544	2.41665	0.0043
0.002548	2.6171	0.0043
0.002552	2.80498	0.0043
0.002556	2.99125	0.0043
0.00256	3.16754	0.0043
0.002564	3.33769	0.0043
0.002568	3.50012	0.0043
0.002572	3.64804	0.0043
0.002576	3.79338	0.0043
0.00258	3.92519	0.0043
0.002584	4.05023	0.0043
0.002588	4.16077	0.0043
0.002592	4.2639	0.0043
0.002596	4.35703	0.0043
0.0026	4.43309	0.0043
0.002604	4.50528	0.0043
0.002608	4.55813	0.0043
0.002612	4.60325	0.0043
0.002616	4.64096	0.0043
0.00262	4.659	0.0043
0.002624	4.67479	0.0043
0.002628	4.67125	0.0043
0.002632	4.66126	0.0043
0.002636	4.63064	0.0043
0.00264	4.5939	0.0043
0.002644	4.54492	0.0043
0.002648	4.48659	0.0043
0.002652	4.41504	0.0043
0.002656	4.32739	0.0043
0.00266	4.2336	0.0043
0.002664	4.12758	0.0043
0.002668	4.01478	0.0043
0.002672	3.88749	0.0043
0.002676	3.75471	0.0043
0.00268	3.61066	0.0043
0.002684	3.455	0.0043
0.002688	3.29161	0.0043
0.002692	3.12306	0.0043
0.002696	2.9442	0.0043
0.0027	2.75922	0.0043
0.002704	2.55974	0.0043
0.002708	2.36219	0.0043
0.002712	2.15819	0.0043
0.002716	1.94679	0.0043
0.00272	1.73183	0.0043
0.002724	1.51431	0.0043
0.002728	1.28421	0.0043
0.002732	1.05959	0.0043
0.002736	0.827236	0.0043
0.00274	0.593593	0.0043
0.002744	0.369942	0.0043
0.002748	0.1334	0.0043
0.002752	-0.10282	0.0043
0.002756	-0.337428	0.0043
0.00276	-0.57397	0.0043
0.002764	-0.806323	0.0043
0.002768	-1.0332	0.0043
0.002772	-1.2649	0.0043
0.002776	-1.48823	0.0043
0.00278	-1.70641	0.0043
0.002784	-1.92136	0.0043
0.002788	-2.13598	0.0043
0.002792	-2.3403	0.0043
0.002796	-2.54429	0.0043
0.0028	-2.73701	0.0043
0.002804	-2.9236	0.0043
0.002808	-3.10858	0.0043
0.002812	-3.27744	0.0043
0.002816	-3.44405	0.0043
0.00282	-3.60196	0.0043
0.002824	-3.74892	0.0043
0.002828	-3.88427	0.0043
0.002832	-4.01769	0.0043
0.002836	-4.1337	0.0043
0.00284	-4.23908	0.0043
0.002844	-4.33576	0.0043
0.002848	-4.42986	0.0043
0.002852	-4.50141	0.0043
0.002856	-4.56908	0.0043
0.00286	-4.61323	0.0043
0.002864	-4.65609	0.0043
0.002868	-4.68897	0.0043
0.002872	-4.70701	0.0043
0.002876	-4.70379	0.0043
0.00288	-4.69541	0.0043
0.002884	-4.6764	0.0043
0.002888	-4.64707	0.0043
0.002892	-4.60002	0.0043
0.002896	-4.54781	0.0043
0.0029	-4.48175	0.0043
0.002904	-4.4015	0.0043
0.002908	-4.31868	0.0043
0.002912	-4.21524	0.0043
0.002916	-4.1076	0.0043
0.00292	-3.98288	0.0043
0.002924	-3.8572	0.0043
0.002928	-3.7183	0.0043
0.002932	-3.56297	0.0043
0.002936	-3.40828	0.0043
0.00294	-3.23942	0.0043
0.002944	-3.06282	0.0043
0.002948	-2.87751	0.0043
0.002952	-2.69479	0.0043
0.002956	-2.49144	0.0043
0.00296	-2.29228	0.0043
0.002964	-2.07959	0.0043
0.002968	-1.86593	0.0043
0.002972	-1.64582	0.0043
0.002976	-1.42281	0.0043
0.00298	-1.19723	0.0043
0.002984	-0.966166	0.0043
0.002988	-0.730268	0.0043
0.002992	-0.506295	0.0043
0.002996	-0.272009	0.0043
0.003	-0.0383672	0.0043
0.003004	0.195597	0.0043
0.003008	0.43085	0.0043
0.003012	0.667714	0.0043
0.003016	0.896845	0.0043
0.00302	1.12533	0.0043
0.003024	1.34802	0.0043
0.003028	1.57554	0.0043
0.003032	1.79307	0.0043
0.003036	2.00673	0.0043
0.00304	2.21523	0.0043
0.003044	2.41536	0.0043
0.003048	2.6142	0.0043
0.003052	2.80756	0.0043
0.003056	2.99319	0.0043
0.00306	3.16657	0.0043
0.003064	3.33673	0.0043
0.003068	3.49883	0.0043
0.003072	3.64933	0.0043
0.003076	3.7937	0.0043
0.00308	3.92519	0.0043
0.003084	4.04765	0.0043
0.003088	4.16013	0.0043
0.003092	4.26325	0.0043
0.003096	4.35607	0.0043
0.0031	4.43083	0.0043
0.003104	4.50302	0.0043
0.003108	4.55716	0.0043
0.003112	4.60454	0.0043
0.003116	4.63934	0.0043
0.00312	4.65707	0.0043
0.003124	4.67447	0.0043
0.003128	4.66835	0.0043
0.003132	4.65707	0.0043
0.003136	4.63	0.0043
0.00314	4.59326	0.0043
0.003144	4.54556	0.0043
0.003148	4.48755	0.0043
0.003152	4.4144	0.0043
0.003156	4.32706	0.0043
0.00316	4.23264	0.0043
0.003164	4.13048	0.0043
0.003168	4.01607	0.0043
0.003172	3.88877	0.0043
0.003176	3.75568	0.0043
0.00318	3.61194	0.0043
0.003184	3.45597	0.0043
0.003188	3.2929	0.0043
0.003192	3.12306	0.0043
0.003196	2.94324	0.0043
0.0032	2.75664	0.0043
0.003204	2.56328	0.0043
0.003208	2.36219	0.0043
0.003212	2.15884	0.0043
0.003216	1.94936	0.0043
0.00322	1.72958	0.0043
0.003224	1.50883	0.0043
0.003228	1.28389	0.0043
0.003232	1.05766	0.0043
0.003236	0.829814	0.0043
0.00324	0.596816	0.0043
0.003244	0.368975	0.0043
0.003248	0.134044	0.0043
0.003252	-0.103787	0.0043
0.003256	-0.336462	0.0043
0.00326	-0.573003	0.0043
0.003264	-0.803744	0.0043
0.003268	-1.03191	0.0043
0.003272	-1.26716	0.0043
0.003276	-1.48662	0.0043
0.00328	-1.70705	0.0043
0.003284	-1.92007	0.0043
0.003288	-2.13341	0.0043
0.003292	-2.34191	0.0043
0.003296	-2.543	0.0043
0.0033	-2.73636	0.0043
0.003304	-2.92231	0.0043
0.003308	-3.10568	0.0043
0.003312	-3.27615	0.0043
0.003316	-3.44115	0.0043
0.00332	-3.601	0.0043
0.003324	-3.75117	0.0043
0.003328	-3.88201	0.0043
0.003332	-4.01479	0.0043
0.003336	-4.12919	0.0043
0.00334	-4.23586	0.0043
0.003344	-4.33802	0.0043
0.003348	-4.42825	0.0043
0.003352	-4.50076	0.0043
0.003356	-4.5665	0.0043
0.00336	-4.61259	0.0043
0.003364	-4.65771	0.0043
0.003368	-4.688	0.0043
0.003372	-4.70798	0.0043
0.003376	-4.70347	0.0043
0.00338	-4.69638	0.0043
0.003384	-4.67543	0.0043
0.003388	-4.64965	0.0043
0.003392	-4.59776	0.0043
0.003396	-4.55071	0.0043
0.0034	-4.48368	0.0043
0.003404	-4.40247	0.0043
0.003408	-4.31772	0.0043
0.003412	-4.21814	0.0043
0.003416	-4.10889	0.0043
0.00342	-3.98772	0.0043
0.003424	-3.85752	0.0043
0.003428	-3.71766	0.0043
0.003432	-3.56748	0.0043
0.003436	-3.40828	0.0043
0.00344	-3.23845	0.0043
0.003444	-3.06378	0.0043
0.003448	-2.88041	0.0043
0.003452	-2.69511	0.0043
0.003456	-2.49144	0.0043
0.00346	-2.29325	0.0043
0.003464	-2.08023	0.0043
0.003468	-1.86593	0.0043
0.003472	-1.64872	0.0043
0.003476	-1.42217	0.0043
0.00348	-1.19884	0.0043
0.003484	-0.963587	0.0043
0.003488	-0.732846	0.0043
0.003492	-0.508228	0.0043
0.003496	-0.270075	0.0043
0.0035	-0.0390118	0.0043
0.003504	0.194308	0.0043
0.003508	0.431494	0.0043
0.003512	0.665136	0.0043
0.003516	0.897812	0.0043
0.00352	1.12307	0.0043
0.003524	1.3464	0.0043
0.003528	1.57199	0.0043
0.003532	1.79468	0.0043
0.003536	2.00351	0.0043
0.00354	2.21588	0.0043
0.003544	2.41278	0.0043
0.003548	2.61452	0.0043
0.003552	2.80273	0.0043
0.003556	2.98964	0.0043
0.00356	3.16496	0.0043
0.003564	3.33608	0.0043
0.003568	3.49818	0.0043
0.003572	3.64578	0.0043
0.003576	3.7908	0.0043
0.00358	3.9268	0.0043
0.003584	4.04636	0.0043
0.003588	4.15916	0.0043
0.003592	4.26067	0.0043
0.003596	4.35349	0.0043
0.0036	4.43148	0.0043
0.003604	4.50463	0.0043
0.003608	4.55974	0.0043
0.003612	4.60357	0.0043
0.003616	4.64063	0.0043
0.00362	4.65868	0.0043
0.003624	4.67512	0.0043
0.003628	4.66674	0.0043
0.003632	4.65771	0.0043
0.003636	4.63	0.0043
0.00364	4.59552	0.0043
0.003644	4.54331	0.0043
0.003648	4.48917	0.0043
0.003652	4.41504	0.0043
0.003656	4.32771	0.0043
0.00366	4.23232	0.0043
0.003664	4.12887	0.0043
0.003668	4.01704	0.0043
0.003672	3.89135	0.0043
0.003676	3.75697	0.0043
0.00368	3.60969	0.0043
0.003684	3.45564	0.0043
0.003688	3.29354	0.0043
0.003692	3.12242	0.0043
0.003696	2.94388	0.0043
0.0037	2.75632	0.0043
0.003704	2.56135	0.0043
0.003708	2.3638	0.0043
0.003712	2.16077	0.0043
0.003716	1.95033	0.0043
0.00372	1.73216	0.0043
0.003724	1.51302	0.0043
0.003728	1.28356	0.0043
0.003732	1.06184	0.0043
0.003736	0.830136	0.0043
0.00374	0.597138	0.0043
0.003744	0.371875	0.0043
0.003748	0.138234	0.0043
0.003752	-0.0992752	0.0043
0.003756	-0.335495	0.0043
0.00376	-0.573648	0.0043
0.003764	-0.8031	0.0043
0.003768	-1.02965	0.0043
0.003772	-1.26329	0.0043
0.003776	-1.48565	0.0043
0.00378	-1.70673	0.0043
0.003784	-1.92232	0.0043
0.003788	-2.13469	0.0043
0.003792	-2.33965	0.0043
0.003796	-2.54268	0.0043
0.0038	-2.73668	0.0043
0.003804	-2.92327	0.0043
0.003808	-3.10503	0.0043
0.003812	-3.27809	0.0043
0.003816	-3.44309	0.0043
0.00382	-3.60003	0.0043
0.003824	-3.74859	0.0043
0.003828	-3.88137	0.0043
0.003832	-4.01285	0.0043
0.003836	-4.13306	0.0043
0.00384	-4.23489	0.0043
0.003844	-4.33737	0.0043
0.003848	-4.42696	0.0043
0.003852	-4.50173	0.0043
0.003856	-4.56683	0.0043
0.00386	-4.61388	0.0043
0.003864	-4.66157	0.0043
0.003868	-4.68864	0.0043
0.003872	-4.70508	0.0043
0.003876	-4.70508	0.0043
0.00388	-4.69348	0.0043
0.003884	-4.67575	0.0043
0.003888	-4.64739	0.0043
0.003892	-4.5997	0.0043
0.003896	-4.54878	0.0043
0.0039	-4.48272	0.0043
0.003904	-4.40344	0.0043
0.003908	-4.319	0.0043
0.003912	-4.21846	0.0043
0.003916	-4.10921	0.0043
0.00392	-3.98578	0.0043
0.003924	-3.85913	0.0043
0.003928	-3.71476	0.0043
0.003932	-3.56458	0.0043
0.003936	-3.40957	0.0043
0.00394	-3.24296	0.0043
0.003944	-3.06346	0.0043
0.003948	-2.88009	0.0043
0.003952	-2.69479	0.0043
0.003956	-2.49112	0.0043
0.00396	-2.29454	0.0043
0.003964	-2.08088	0.0043
0.003968	-1.86754	0.0043
0.003972	-1.64904	0.0043
0.003976	-1.4241	0.0043
0.00398	-1.19916	0.0043
0.003984	-0.967777	0.0043
0.003988	-0.732846	0.0043
0.003992	-0.507262	0.0043
0.003996	-0.271364	0.0043
0.004	-0.0374004	0.0043
0.004004	0.193341	0.0043
0.004008	0.431817	0.0043
0.004012	0.663525	0.0043
0.004016	0.895878	0.0043
0.00402	1.12179	0.0043
0.004024	1.34383	0.0043
0.004028	1.57264	0.0043
0.004032	1.79371	0.0043
0.004036	2.00351	0.0043
0.00404	2.21556	0.0043
0.004044	2.41407	0.0043
0.004048	2.61581	0.0043
0.004052	2.80595	0.0043
0.004056	2.99222	0.0043
0.00406	3.16399	0.0043
0.004064	3.33608	0.0043
0.004068	3.49818	0.0043
0.004072	3.64739	0.0043
0.004076	3.79209	0.0043
0.00408	3.92487	0.0043
0.004084	4.04701	0.0043
0.004088	4.15723	0.0043
0.004092	4.2581	0.0043
0.004096	4.35703	0.0043
0.0041	4.43148	0.0043
0.004104	4.5027	0.0043
0.004108	4.55523	0.0043
0.004112	4.60357	0.0043
0.004116	4.63902	0.0043
0.00412	4.65675	0.0043
0.004124	4.67608	0.0043
0.004128	4.66642	0.0043
0.004132	4.6561	0.0043
0.004136	4.63	0.0043
0.00414	4.59455	0.0043
0.004144	4.54427	0.0043
0.004148	4.4882	0.0043
0.004152	4.41375	0.0043
0.004156	4.32867	0.0043
0.00416	4.2336	0.0043
0.004164	4.1308	0.0043
0.004168	4.01801	0.0043
0.004172	3.88942	0.0043
0.004176	3.75471	0.0043
0.00418	3.61162	0.0043
0.004184	3.45726	0.0043
0.004188	3.29322	0.0043
0.004192	3.12338	0.0043
0.004196	2.94453	0.0043
0.0042	2.7589	0.0043
0.004204	2.56135	0.0043
0.004208	2.3638	0.0043
0.004212	2.15916	0.0043
0.004216	1.95065	0.0043
0.00422	1.73441	0.0043
0.004224	1.51398	0.0043
0.004228	1.28421	0.0043
0.004232	1.05927	0.0043
0.004236	0.830458	0.0043
0.00424	0.598427	0.0043
0.004244	0.370909	0.0043
0.004248	0.137267	0.0043
0.004252	-0.0992752	0.0043
0.004256	-0.335173	0.0043
0.00426	-0.57107	0.0043
0.004264	-0.801489	0.0043
0.004268	-1.02901	0.0043
0.004272	-1.26426	0.0043
0.004276	-1.4863	0.0043
0.00428	-1.70673	0.0043
0.004284	-1.91974	0.0043
0.004288	-2.13276	0.0043
0.004292	-2.34159	0.0043
0.004296	-2.53914	0.0043
0.0043	-2.73604	0.0043
0.004304	-2.92327	0.0043
0.004308	-3.10697	0.0043
0.004312	-3.2768	0.0043
0.004316	-3.44341	0.0043
0.00432	-3.60293	0.0043
0.004324	-3.74827	0.0043
0.004328	-3.88298	0.0043
0.004332	-4.01253	0.0043
0.004336	-4.12887	0.0043
0.00434	-4.2365	0.0043
0.004344	-4.33512	0.0043
0.004348	-4.42664	0.0043
0.004352	-4.50173	0.0043
0.004356	-4.56522	0.0043
0.00436	-4.61194	0.0043
0.004364	-4.65932	0.0043
0.004368	-4.68607	0.0043
0.004372	-4.70572	0.0043
0.004376	-4.70443	0.0043
0.00438	-4.69638	0.0043
0.004384	-4.67446	0.0043
0.004388	-4.6461	0.0043
0.004392	-4.6026	0.0043
0.004396	-4.55071	0.0043
0.0044	-4.48723	0.0043
0.004404	-4.40473	0.0043
0.004408	-4.31739	0.0043
0.004412	-4.2191	0.0043
0.004416	-4.10985	0.0043
0.00442	-3.98482	0.0043
0.004424	-3.85849	0.0043
0.004428	-3.71862	0.0043
0.004432	-3.56845	0.0043
0.004436	-3.40925	0.0043
0.00444	-3.24167	0.0043
0.004444	-3.0641	0.0043
0.004448	-2.88074	0.0043
0.004452	-2.69447	0.0043
0.004456	-2.49144	0.0043
0.00446	-2.29357	0.0043
0.004464	-2.0812	0.0043
0.004468	-1.86689	0.0043
0.004472	-1.6484	0.0043
0.004476	-1.42507	0.0043
0.00448	-1.20077	0.0043
0.004484	-0.969066	0.0043
0.004488	-0.735747	0.0043
0.004492	-0.506295	0.0043
0.004496	-0.272009	0.0043
0.0045	-0.0390118	0.0043
0.004504	0.191085	0.0043
0.004508	0.431817	0.0043
0.004512	0.662558	0.0043
0.004516	0.895233	0.0043
0.00452	1.12404	0.0043
0.004524	1.34512	0.0043
0.004528	1.57264	0.0043
0.004532	1.79017	0.0043
0.004536	2.00093	0.0043
0.00454	2.21459	0.0043
0.004544	2.41568	0.0043
0.004548	2.61356	0.0043
0.004552	2.80595	0.0043
0.004556	2.98932	0.0043
0.00456	3.16335	0.0043
0.004564	3.33802	0.0043
0.004568	3.49786	0.0043
0.004572	3.64578	0.0043
0.004576	3.79242	0.0043
0.00458	3.92422	0.0043
0.004584	4.04475	0.0043
0.004588	4.15819	0.0043
0.004592	4.25906	0.0043
0.004596	4.35349	0.0043
0.0046	4.43083	0.0043
0.004604	4.50238	0.0043
0.004608	4.55588	0.0043
0.004612	4.60228	0.0043
0.004616	4.63967	0.0043
0.00462	4.65965	0.0043
0.004624	4.67608	0.0043
0.004628	4.66835	0.0043
0.004632	4.65578	0.0043
0.004636	4.62968	0.0043
0.00464	4.59423	0.0043
0.004644	4.54685	0.0043
0.004648	4.4882	0.0043
0.004652	4.41118	0.0043
0.004656	4.32771	0.0043
0.00466	4.23489	0.0043
0.004664	4.13177	0.0043
0.004668	4.01801	0.0043
0.004672	3.88942	0.0043
0.004676	3.75503	0.0043
0.00468	3.61001	0.0043
0.004684	3.45919	0.0043
0.004688	3.29644	0.0043
0.004692	3.12403	0.0043
0.004696	2.94356	0.0043
0.0047	2.7589	0.0043
0.004704	2.56199	0.0043
0.004708	2.36573	0.0043
0.004712	2.16238	0.0043
0.004716	1.95227	0.0043
0.00472	1.7357	0.0043
0.004724	1.51559	0.0043
0.004728	1.28775	0.0043
0.004732	1.05927	0.0043
0.004736	0.833359	0.0043
0.00474	0.601006	0.0043
0.004744	0.374131	0.0043
0.004748	0.137589	0.0043
0.004752	-0.0986307	0.0043
0.004756	-0.335817	0.0043
0.00476	-0.569781	0.0043
0.004764	-0.801166	0.0043
0.004768	-1.02965	0.0043
0.004772	-1.25975	0.0043
0.004776	-1.48694	0.0043
0.00478	-1.70447	0.0043
0.004784	-1.91878	0.0043
0.004788	-2.13244	0.0043
0.004792	-2.33965	0.0043
0.004796	-2.54042	0.0043