0	6.08378	4.30E-03
4.00E-06	6.08893	4.30E-03
8.00E-06	6.04607	4.30E-03
1.20E-05	5.9568	4.30E-03
1.60E-05	5.82016	4.30E-03
2.00E-05	5.64065	4.30E-03
2.40E-05	5.4128	4.30E-03
2.80E-05	5.1437	4.30E-03
3.20E-05	4.82658	4.30E-03
3.60E-05	4.46435	4.30E-03
4.00E-05	4.06957	4.30E-03
4.40E-05	3.63128	4.30E-03
4.80E-05	3.16077	4.30E-03
5.20E-05	2.65803	4.30E-03
5.60E-05	2.12983	4.30E-03
6.00E-05	1.58649	4.30E-03
6.40E-05	1.02414	4.30E-03
6.80E-05	0.458887	4.30E-03
7.20E-05	-0.110232	4.30E-03
7.60E-05	-0.670649	4.30E-03
8.00E-05	-1.22398	4.30E-03
8.40E-05	-1.75249	4.30E-03
8.80E-05	-2.25941	4.30E-03
9.20E-05	-2.73958	4.30E-03
9.60E-05	-3.1914	4.30E-03
1.00E-04	-3.62227	4.30E-03
0.000104	-4.01575	4.30E-03
0.000108	-4.38152	4.30E-03
0.000112	-4.71539	4.30E-03
0.000116	-5.01252	4.30E-03
0.00012	-5.27904	4.30E-03
0.000124	-5.51042	4.30E-03
0.000128	-5.70121	4.30E-03
0.000132	-5.85557	4.30E-03
0.000136	-5.96772	4.30E-03
0.00014	-6.0325	4.30E-03
0.000144	-6.05796	4.30E-03
0.000148	-6.03894	4.30E-03
0.000152	-5.97514	4.30E-03
0.000156	-5.86202	4.30E-03
0.00016	-5.71023	4.30E-03
0.000164	-5.50366	4.30E-03
0.000168	-5.25744	4.30E-03
0.000172	-4.96676	4.30E-03
0.000176	-4.62774	4.30E-03
0.00018	-4.25133	4.30E-03
0.000184	-3.83335	4.30E-03
0.000188	-3.3825	4.30E-03
0.000192	-2.89298	4.30E-03
0.000196	-2.38026	4.30E-03
0.0002	-1.84305	4.30E-03
0.000204	-1.29262	4.30E-03
0.000208	-0.73188	4.30E-03
0.000212	-0.158894	4.30E-03
0.000216	0.407324	4.30E-03
0.00022	0.967099	4.30E-03
0.000224	1.51076	4.30E-03
0.000228	2.03122	4.30E-03
0.000232	2.52332	4.30E-03
0.000236	2.99641	4.30E-03
0.00024	3.43953	4.30E-03
0.000244	3.84817	4.30E-03
0.000248	4.23489	4.30E-03
0.000252	4.58166	4.30E-03
0.000256	4.89845	4.30E-03
0.00026	5.18205	4.30E-03
0.000264	5.42666	4.30E-03
0.000268	5.63904	4.30E-03
0.000272	5.8121	4.30E-03
0.000276	5.94262	4.30E-03
0.00028	6.03125	4.30E-03
0.000284	6.06734	4.30E-03
0.000288	6.06412	4.30E-03
0.000292	6.01771	4.30E-03
0.000296	5.92586	4.30E-03
0.0003	5.78309	4.30E-03
0.000304	5.59843	4.30E-03
0.000308	5.36768	4.30E-03
0.000312	5.08763	4.30E-03
0.000316	4.76696	4.30E-03
0.00032	4.40344	4.30E-03
0.000324	3.9977	4.30E-03
0.000328	3.55845	4.30E-03
0.000332	3.08246	4.30E-03
0.000336	2.57746	4.30E-03
0.00034	2.0483	4.30E-03
0.000344	1.49851	4.30E-03
0.000348	0.941317	4.30E-03
0.000352	0.370909	4.30E-03
0.000356	-0.19821	4.30E-03
0.00036	-0.758628	4.30E-03
0.000364	-1.30261	4.30E-03
0.000368	-1.82983	4.30E-03
0.000372	-2.33321	4.30E-03
0.000376	-2.80984	4.30E-03
0.00038	-3.26004	4.30E-03
0.000384	-3.68092	4.30E-03
0.000388	-4.06893	4.30E-03
0.000392	-4.43051	4.30E-03
0.000396	-4.75729	4.30E-03
0.0004	-5.05506	4.30E-03
0.000404	-5.31449	4.30E-03
0.000408	-5.53524	4.30E-03
0.000412	-5.72248	4.30E-03
0.000416	-5.86846	4.30E-03
0.00042	-5.97256	4.30E-03
0.000424	-6.03218	4.30E-03
0.000428	-6.04829	4.30E-03
0.000432	-6.01961	4.30E-03
0.000436	-5.95193	4.30E-03
0.00044	-5.8343	4.30E-03
0.000444	-5.66962	4.30E-03
0.000448	-5.45854	4.30E-03
0.000452	-5.20298	4.30E-03
0.000456	-4.90553	4.30E-03
0.00046	-4.56296	4.30E-03
0.000464	-4.17914	4.30E-03
0.000468	-3.75536	4.30E-03
0.000472	-3.29259	4.30E-03
0.000476	-2.80243	4.30E-03
0.00048	-2.2839	4.30E-03
0.000484	-1.74862	4.30E-03
0.000488	-1.1953	4.30E-03
0.000492	-0.628755	4.30E-03
0.000496	-0.0615703	4.30E-03
0.0005	0.505937	4.30E-03
0.000504	1.06797	4.30E-03
0.000508	1.60486	4.30E-03
0.000512	2.1192	4.30E-03
0.000516	2.60679	4.30E-03
0.00052	3.07376	4.30E-03
0.000524	3.50785	4.30E-03
0.000528	3.91681	4.30E-03
0.000532	4.29548	4.30E-03
0.000536	4.63709	4.30E-03
0.00054	4.95163	4.30E-03
0.000544	5.22814	4.30E-03
0.000548	5.46662	4.30E-03
0.000552	5.66998	4.30E-03
0.000556	5.83627	4.30E-03
0.00056	5.96099	4.30E-03
0.000564	6.0335	4.30E-03
0.000568	6.07089	4.30E-03
0.000572	6.05928	4.30E-03
0.000576	6.00256	4.30E-03
0.00058	5.90234	4.30E-03
0.000584	5.75151	4.30E-03
0.000588	5.55718	4.30E-03
0.000592	5.31708	4.30E-03
0.000596	5.03123	4.30E-03
0.0006	4.70219	4.30E-03
0.000604	4.32964	4.30E-03
0.000608	3.91875	4.30E-03
0.000612	3.47047	4.30E-03
0.000616	2.98578	4.30E-03
0.00062	2.47885	4.30E-03
0.000624	1.94679	4.30E-03
0.000628	1.39603	4.30E-03
0.000632	0.832392	4.30E-03
0.000636	0.271973	4.30E-03
0.00064	-0.299401	4.30E-03
0.000644	-0.85434	4.30E-03
0.000648	-1.40122	4.30E-03
0.000652	-1.91974	4.30E-03
0.000656	-2.42215	4.30E-03
0.00066	-2.88976	4.30E-03
0.000664	-3.3361	4.30E-03
0.000668	-3.74988	4.30E-03
0.000672	-4.14047	4.30E-03
0.000676	-4.49335	4.30E-03
0.00068	-4.81272	4.30E-03
0.000684	-5.10018	4.30E-03
0.000688	-5.35541	4.30E-03
0.000692	-5.57133	4.30E-03
0.000696	-5.75277	4.30E-03
0.0007	-5.8936	4.30E-03
0.000704	-5.9877	4.30E-03
0.000708	-6.03959	4.30E-03
0.000712	-6.04603	4.30E-03
0.000716	-6.01542	4.30E-03
0.00072	-5.93292	4.30E-03
0.000724	-5.80723	4.30E-03
0.000728	-5.63418	4.30E-03
0.000732	-5.41439	4.30E-03
0.000736	-5.15464	4.30E-03
0.00074	-4.84365	4.30E-03
0.000744	-4.49238	4.30E-03
0.000748	-4.10405	4.30E-03
0.000752	-3.67609	4.30E-03
0.000756	-3.20461	4.30E-03
0.00076	-2.71026	4.30E-03
0.000764	-2.18787	4.30E-03
0.000768	-1.64904	4.30E-03
0.000772	-1.09249	4.30E-03
0.000776	-0.52273	4.30E-03
0.00078	0.0467105	4.30E-03
0.000784	0.613252	4.30E-03
0.000788	1.16175	4.30E-03
0.000792	1.69671	4.30E-03
0.000796	2.21105	4.30E-03
0.0008	2.69541	4.30E-03
0.000804	3.15948	4.30E-03
0.000808	3.58906	4.30E-03
0.000812	3.98965	4.30E-03
0.000816	4.35768	4.30E-03
0.00082	4.7009	4.30E-03
0.000824	5.00126	4.30E-03
0.000828	5.27003	4.30E-03
0.000832	5.50916	4.30E-03
0.000836	5.70446	4.30E-03
0.00084	5.86108	4.30E-03
0.000844	5.97839	4.30E-03
0.000848	6.04349	4.30E-03
0.000852	6.06895	4.30E-03
0.000856	6.04994	4.30E-03
0.00086	5.98548	4.30E-03
0.000864	5.87559	4.30E-03
0.000868	5.71864	4.30E-03
0.000872	5.51496	4.30E-03
0.000876	5.26874	4.30E-03
0.00088	4.97419	4.30E-03
0.000884	4.63838	4.30E-03
0.000888	4.25874	4.30E-03
0.000892	3.84269	4.30E-03
0.000896	3.38668	4.30E-03
0.0009	2.90166	4.30E-03
0.000904	2.38475	4.30E-03
0.000908	1.85107	4.30E-03
0.000912	1.29807	4.30E-03
0.000916	0.737001	4.30E-03
0.00092	0.163048	4.30E-03
0.000924	-0.402204	4.30E-03
0.000928	-0.957142	4.30E-03
0.000932	-1.49403	4.30E-03
0.000936	-2.01288	4.30E-03
0.00094	-2.50949	4.30E-03
0.000944	-2.97645	4.30E-03
0.000948	-3.41344	4.30E-03
0.000952	-3.82272	4.30E-03
0.000956	-4.20492	4.30E-03
0.00096	-4.55104	4.30E-03
0.000964	-4.86976	4.30E-03
0.000968	-5.14884	4.30E-03
0.000972	-5.39473	4.30E-03
0.000976	-5.60614	4.30E-03
0.00098	-5.77952	4.30E-03
0.000984	-5.91261	4.30E-03
0.000988	-6.00221	4.30E-03
0.000992	-6.04281	4.30E-03
0.000996	-6.04249	4.30E-03
0.001	-6.00092	4.30E-03
0.001004	-5.91197	4.30E-03
0.001008	-5.77887	4.30E-03
0.001012	-5.5984	4.30E-03
0.001016	-5.37088	4.30E-03
0.00102	-5.09824	4.30E-03
0.001024	-4.78565	4.30E-03
0.001028	-4.42664	4.30E-03
0.001032	-4.02768	4.30E-03
0.001036	-3.59068	4.30E-03
0.00104	-3.11889	4.30E-03
0.001044	-2.61583	4.30E-03
0.001048	-2.09602	4.30E-03
0.001052	-1.54785	4.30E-03
0.001056	-0.987113	4.30E-03
0.00106	-0.422506	4.30E-03
0.001064	0.15048	4.30E-03
0.001068	0.709287	4.30E-03
0.001072	1.26229	4.30E-03
0.001076	1.79145	4.30E-03
0.00108	2.29999	4.30E-03
0.001084	2.77759	4.30E-03
0.001088	3.23586	4.30E-03
0.001092	3.66351	4.30E-03
0.001096	4.0599	4.30E-03
0.0011	4.42342	4.30E-03
0.001104	4.75472	4.30E-03
0.001108	5.0525	4.30E-03
0.001112	5.31902	4.30E-03
0.001116	5.54332	4.30E-03
0.00112	5.73733	4.30E-03
0.001124	5.88816	4.30E-03
0.001128	5.99451	4.30E-03
0.001132	6.05348	4.30E-03
0.001136	6.06799	4.30E-03
0.00114	6.04543	4.30E-03
0.001144	5.9713	4.30E-03
0.001148	5.85174	4.30E-03
0.001152	5.68512	4.30E-03
0.001156	5.47307	4.30E-03
0.00116	5.22008	4.30E-03
0.001164	4.91843	4.30E-03
0.001168	4.57263	4.30E-03
0.001172	4.18623	4.30E-03
0.001176	3.7589	4.30E-03
0.00118	3.29805	4.30E-03
0.001184	2.80788	4.30E-03
0.001188	2.28839	4.30E-03
0.001192	1.75278	4.30E-03
0.001196	1.19687	4.30E-03
0.0012	0.633554	4.30E-03
0.001204	0.0615347	4.30E-03
0.001208	-0.50275	4.30E-03
0.001212	-1.05479	4.30E-03
0.001216	-1.59458	4.30E-03
0.00122	-2.10408	4.30E-03
0.001224	-2.59521	4.30E-03
0.001228	-3.05701	4.30E-03
0.001232	-3.49014	4.30E-03
0.001236	-3.89426	4.30E-03
0.00124	-4.26905	4.30E-03
0.001244	-4.61098	4.30E-03
0.001248	-4.92229	4.30E-03
0.001252	-5.19718	4.30E-03
0.001256	-5.43534	4.30E-03
0.00126	-5.64159	4.30E-03
0.001264	-5.80401	4.30E-03
0.001268	-5.92873	4.30E-03
0.001272	-6.01091	4.30E-03
0.001276	-6.04378	4.30E-03
0.00128	-6.03862	4.30E-03
0.001284	-5.98931	4.30E-03
0.001288	-5.89199	4.30E-03
0.001292	-5.75019	4.30E-03
0.001296	-5.56102	4.30E-03
0.0013	-5.32512	4.30E-03
0.001304	-5.04797	4.30E-03
0.001308	-4.72377	4.30E-03
0.001312	-4.35735	4.30E-03
0.001316	-3.95162	4.30E-03
0.00132	-3.51044	4.30E-03
0.001324	-3.02994	4.30E-03
0.001328	-2.52496	4.30E-03
0.001332	-1.99451	4.30E-03
0.001336	-1.44537	4.30E-03
0.00134	-0.8856	4.30E-03
0.001344	-0.319704	4.30E-03
0.001348	0.249737	4.30E-03
0.001352	0.811122	4.30E-03
0.001356	1.35865	4.30E-03
0.00136	1.88427	4.30E-03
0.001364	2.39151	4.30E-03
0.001368	2.8646	4.30E-03
0.001372	3.31417	4.30E-03
0.001376	3.7328	4.30E-03
0.00138	4.12822	4.30E-03
0.001384	4.48272	4.30E-03
0.001388	4.81305	4.30E-03
0.001392	5.10148	4.30E-03
0.001396	5.36188	4.30E-03
0.0014	5.58167	4.30E-03
0.001404	5.76472	4.30E-03
0.001408	5.90717	4.30E-03
0.001412	6.01159	4.30E-03
0.001416	6.05735	4.30E-03
0.00142	6.06928	4.30E-03
0.001424	6.03415	4.30E-03
0.001428	5.95229	4.30E-03
0.001432	5.82241	4.30E-03
0.001436	5.65032	4.30E-03
0.00144	5.43214	4.30E-03
0.001444	5.1669	4.30E-03
0.001448	4.85462	4.30E-03
0.001452	4.50463	4.30E-03
0.001456	4.11082	4.30E-03
0.00146	3.68091	4.30E-03
0.001464	3.2133	4.30E-03
0.001468	2.71572	4.30E-03
0.001472	2.19203	4.30E-03
0.001476	1.64966	4.30E-03
0.00148	1.09504	4.30E-03
0.001484	0.525918	4.30E-03
0.001488	-0.0428789	4.30E-03
0.001492	-0.602974	4.30E-03
0.001496	-1.15372	4.30E-03
0.0015	-1.68675	4.30E-03
0.001504	-2.19721	4.30E-03
0.001508	-2.68093	4.30E-03
0.001512	-3.13855	4.30E-03
0.001516	-3.56748	4.30E-03
0.00152	-3.96387	4.30E-03
0.001524	-4.33351	4.30E-03
0.001528	-4.67156	4.30E-03
0.001532	-4.97127	4.30E-03
0.001536	-5.24262	4.30E-03
0.00154	-5.47981	4.30E-03
0.001544	-5.6751	4.30E-03
0.001548	-5.83237	4.30E-03
0.001552	-5.95032	4.30E-03
0.001556	-6.01574	4.30E-03
0.00156	-6.04765	4.30E-03
0.001564	-6.03185	4.30E-03
0.001568	-5.97417	4.30E-03
0.001572	-5.86943	4.30E-03
0.001576	-5.7199	4.30E-03
0.00158	-5.51719	4.30E-03
0.001584	-5.27678	4.30E-03
0.001588	-4.98706	4.30E-03
0.001592	-4.6619	4.30E-03
0.001596	-4.28549	4.30E-03
0.0016	-3.87234	4.30E-03
0.001604	-3.41924	4.30E-03
0.001608	-2.94229	4.30E-03
0.001612	-2.42892	4.30E-03
0.001616	-1.89719	4.30E-03
0.00162	-1.34611	4.30E-03
0.001624	-0.781831	4.30E-03
0.001628	-0.215935	4.30E-03
0.001632	0.353506	4.30E-03
0.001636	0.914569	4.30E-03
0.00164	1.45726	4.30E-03
0.001644	1.9774	4.30E-03
0.001648	2.47724	4.30E-03
0.001652	2.94743	4.30E-03
0.001656	3.39183	4.30E-03
0.00166	3.80724	4.30E-03
0.001664	4.19332	4.30E-03
0.001668	4.54846	4.30E-03
0.001672	4.86655	4.30E-03
0.001676	5.15272	4.30E-03
0.00168	5.40378	4.30E-03
0.001684	5.62034	4.30E-03
0.001688	5.79405	4.30E-03
0.001692	5.92844	4.30E-03
0.001696	6.01964	4.30E-03
0.0017	6.0638	4.30E-03
0.001704	6.06573	4.30E-03
0.001708	6.02126	4.30E-03
0.001712	5.93231	4.30E-03
0.001716	5.79856	4.30E-03
0.00172	5.61487	4.30E-03
0.001724	5.38476	4.30E-03
0.001728	5.11309	4.30E-03
0.001732	4.79822	4.30E-03
0.001736	4.43502	4.30E-03
0.00174	4.03702	4.30E-03
0.001744	3.5968	4.30E-03
0.001748	3.12725	4.30E-03
0.001752	2.62419	4.30E-03
0.001756	2.09761	4.30E-03
0.00176	1.55008	4.30E-03
0.001764	0.989979	4.30E-03
0.001768	0.425694	4.30E-03
0.001772	-0.140525	4.30E-03
0.001776	-0.706099	4.30E-03
0.00178	-1.25298	4.30E-03
0.001784	-1.78085	4.30E-03
0.001788	-2.28229	4.30E-03
0.001792	-2.7644	4.30E-03
0.001796	-3.21428	4.30E-03
0.0018	-3.64257	4.30E-03
0.001804	-4.03251	4.30E-03
0.001808	-4.39764	4.30E-03
0.001812	-4.72474	4.30E-03
0.001816	-5.02477	4.30E-03
0.00182	-5.29096	4.30E-03
0.001824	-5.51332	4.30E-03
0.001828	-5.70411	4.30E-03
0.001832	-5.85751	4.30E-03
0.001836	-5.96772	4.30E-03
0.00184	-6.02638	4.30E-03
0.001844	-6.05216	4.30E-03
0.001848	-6.02638	4.30E-03
0.001852	-5.95902	4.30E-03
0.001856	-5.84687	4.30E-03
0.00186	-5.68767	4.30E-03
0.001864	-5.47723	4.30E-03
0.001868	-5.23199	4.30E-03
0.001872	-4.93357	4.30E-03
0.001876	-4.59583	4.30E-03
0.00188	-4.21524	4.30E-03
0.001884	-3.79726	4.30E-03
0.001888	-3.33996	4.30E-03
0.001892	-2.85238	4.30E-03
0.001896	-2.33965	4.30E-03
0.0019	-1.7989	4.30E-03
0.001904	-1.24557	4.30E-03
0.001908	-0.687085	4.30E-03
0.001912	-0.111843	4.30E-03
0.001916	0.459531	4.30E-03
0.00192	1.01383	4.30E-03
0.001924	1.55298	4.30E-03
0.001928	2.07376	4.30E-03
0.001932	2.56232	4.30E-03
0.001936	3.0296	4.30E-03
0.00194	3.47466	4.30E-03
0.001944	3.8804	4.30E-03
0.001948	4.25939	4.30E-03
0.001952	4.60873	4.30E-03
0.001956	4.92391	4.30E-03
0.00196	5.19978	4.30E-03
0.001964	5.44374	4.30E-03
0.001968	5.65128	4.30E-03
0.001972	5.82531	4.30E-03
0.001976	5.951	4.30E-03
0.00198	6.03221	4.30E-03
0.001984	6.0667	4.30E-03
0.001988	6.06154	4.30E-03
0.001992	6.01127	4.30E-03
0.001996	5.91458	4.30E-03
0.002	5.76505	4.30E-03
0.002004	5.57748	4.30E-03
0.002008	5.3419	4.30E-03
0.002012	5.05991	4.30E-03
0.002016	4.73764	4.30E-03
0.00202	4.37057	4.30E-03
0.002024	3.96032	4.30E-03
0.002028	3.51784	4.30E-03
0.002032	3.03766	4.30E-03
0.002036	2.53009	4.30E-03
0.00204	1.9977	4.30E-03
0.002044	1.45307	4.30E-03
0.002048	0.891044	4.30E-03
0.002052	0.324502	4.30E-03
0.002056	-0.242038	4.30E-03
0.00206	-0.801489	4.30E-03
0.002064	-1.35159	4.30E-03
0.002068	-1.87624	4.30E-03
0.002072	-2.3751	4.30E-03
0.002076	-2.85077	4.30E-03
0.00208	-3.29613	4.30E-03
0.002084	-3.71315	4.30E-03
0.002088	-4.10438	4.30E-03
0.002092	-4.45758	4.30E-03
0.002096	-4.78468	4.30E-03
0.0021	-5.07601	4.30E-03
0.002104	-5.33253	4.30E-03
0.002108	-5.55103	4.30E-03
0.002112	-5.73247	4.30E-03
0.002116	-5.88232	4.30E-03
0.00212	-5.97997	4.30E-03
0.002124	-6.03508	4.30E-03
0.002128	-6.04958	4.30E-03
0.002132	-6.01606	4.30E-03
0.002136	-5.94452	4.30E-03
0.00214	-5.82174	4.30E-03
0.002144	-5.65158	4.30E-03
0.002148	-5.43791	4.30E-03
0.002152	-5.1772	4.30E-03
0.002156	-4.87749	4.30E-03
0.00216	-4.52912	4.30E-03
0.002164	-4.14079	4.30E-03
0.002168	-3.71669	4.30E-03
0.002172	-3.25424	4.30E-03
0.002176	-2.75795	4.30E-03
0.00218	-2.23685	4.30E-03
0.002184	-1.70254	4.30E-03
0.002188	-1.1389	4.30E-03
0.002192	-0.581382	4.30E-03
0.002196	-0.00775213	4.30E-03
0.0022	0.555244	4.30E-03
0.002204	1.11051	4.30E-03
0.002208	1.6503	4.30E-03
0.002212	2.16464	4.30E-03
0.002216	2.64997	4.30E-03
0.00222	3.11178	4.30E-03
0.002224	3.54459	4.30E-03
0.002228	3.95291	4.30E-03
0.002232	4.32771	4.30E-03
0.002236	4.66803	4.30E-03
0.00224	4.97225	4.30E-03
0.002244	5.24651	4.30E-03
0.002248	5.48402	4.30E-03
0.002252	5.68931	4.30E-03
0.002256	5.85238	4.30E-03
0.00226	5.9684	4.30E-03
0.002264	6.03576	4.30E-03
0.002268	6.06863	4.30E-03
0.002272	6.0551	4.30E-03
0.002276	5.99515	4.30E-03
0.00228	5.88912	4.30E-03
0.002284	5.73862	4.30E-03
0.002288	5.53688	4.30E-03
0.002292	5.29549	4.30E-03
0.002296	5.0048	4.30E-03
0.0023	4.67286	4.30E-03
0.002304	4.29548	4.30E-03
0.002308	3.88104	4.30E-03
0.002312	3.43115	4.30E-03
0.002316	2.94678	4.30E-03
0.00232	2.43341	4.30E-03
0.002324	1.90199	4.30E-03
0.002328	1.34705	4.30E-03
0.002332	0.782763	4.30E-03
0.002336	0.221056	4.30E-03
0.00234	-0.343874	4.30E-03
0.002344	-0.903969	4.30E-03
0.002348	-1.44666	4.30E-03
0.002352	-1.96422	4.30E-03
0.002356	-2.46373	4.30E-03
0.00236	-2.92875	4.30E-03
0.002364	-3.37283	4.30E-03
0.002368	-3.78662	4.30E-03
0.002372	-4.1698	4.30E-03
0.002376	-4.52042	4.30E-03
0.00238	-4.8414	4.30E-03
0.002384	-5.12628	4.30E-03
0.002388	-5.37378	4.30E-03
0.002392	-5.58841	4.30E-03
0.002396	-5.76566	4.30E-03
0.0024	-5.90359	4.30E-03
0.002404	-5.99608	4.30E-03
0.002408	-6.03894	4.30E-03
0.002412	-6.04539	4.30E-03
0.002416	-6.00897	4.30E-03
0.00242	-5.92132	4.30E-03
0.002424	-5.79531	4.30E-03
0.002428	-5.61742	4.30E-03
0.002432	-5.38957	4.30E-03
0.002436	-5.12854	4.30E-03
0.00244	-4.81562	4.30E-03
0.002444	-4.45951	4.30E-03
0.002448	-4.06699	4.30E-03
0.002452	-3.63355	4.30E-03
0.002456	-3.16562	4.30E-03
0.00246	-2.66836	4.30E-03
0.002464	-2.14501	4.30E-03
0.002468	-1.59974	4.30E-03
0.002472	-1.04158	4.30E-03
0.002476	-0.474068	4.30E-03
0.00248	0.0931166	4.30E-03
0.002484	0.655146	4.30E-03
0.002488	1.21073	4.30E-03
0.002492	1.74473	4.30E-03
0.002496	2.25101	4.30E-03
0.0025	2.73441	4.30E-03
0.002504	3.19299	4.30E-03
0.002508	3.6258	4.30E-03
0.002512	4.01929	4.30E-03
0.002516	4.38572	4.30E-03
0.00252	4.72152	4.30E-03
0.002524	5.02607	4.30E-03
0.002528	5.29098	4.30E-03
0.002532	5.52495	4.30E-03
0.002536	5.71832	4.30E-03
0.00254	5.87204	4.30E-03
0.002544	5.98323	4.30E-03
0.002548	6.04768	4.30E-03
0.002552	6.06863	4.30E-03
0.002556	6.04446	4.30E-03
0.00256	5.97839	4.30E-03
0.002564	5.86237	4.30E-03
0.002568	5.70543	4.30E-03
0.002572	5.49853	4.30E-03
0.002576	5.24296	4.30E-03
0.00258	4.94679	4.30E-03
0.002584	4.60905	4.30E-03
0.002588	4.22426	4.30E-03
0.002592	3.80305	4.30E-03
0.002596	3.34639	4.30E-03
0.0026	2.85687	4.30E-03
0.002604	2.34156	4.30E-03
0.002608	1.80563	4.30E-03
0.002612	1.24682	4.30E-03
0.002616	0.687373	4.30E-03
0.00262	0.114386	4.30E-03
0.002624	-0.448932	4.30E-03
0.002628	-1.00033	4.30E-03
0.002632	-1.54108	4.30E-03
0.002636	-2.05574	4.30E-03
0.00264	-2.54913	4.30E-03
0.002644	-3.01286	4.30E-03
0.002648	-3.45082	4.30E-03
0.002652	-3.85494	4.30E-03
0.002656	-4.23328	4.30E-03
0.00266	-4.57811	4.30E-03
0.002664	-4.89328	4.30E-03
0.002668	-5.17301	4.30E-03
0.002672	-5.41342	4.30E-03
0.002676	-5.62322	4.30E-03
0.00268	-5.79176	4.30E-03
0.002684	-5.91809	4.30E-03
0.002688	-6.01155	4.30E-03
0.002692	-6.04217	4.30E-03
0.002696	-6.04249	4.30E-03
0.0027	-5.99447	4.30E-03
0.002704	-5.90295	4.30E-03
0.002708	-5.76308	4.30E-03
0.002712	-5.58132	4.30E-03
0.002716	-5.3509	4.30E-03
0.00272	-5.07343	4.30E-03
0.002724	-4.756	4.30E-03
0.002728	-4.39667	4.30E-03
0.002732	-3.99062	4.30E-03
0.002736	-3.55362	4.30E-03
0.00274	-3.07732	4.30E-03
0.002744	-2.57201	4.30E-03
0.002748	-2.04124	4.30E-03
0.002752	-1.50273	4.30E-03
0.002756	-0.945218	4.30E-03
0.00276	-0.374167	4.30E-03
0.002764	0.196241	4.30E-03
0.002768	0.759238	4.30E-03
0.002772	1.30451	4.30E-03
0.002776	1.83818	4.30E-03
0.00278	2.34414	4.30E-03
0.002784	2.81852	4.30E-03
0.002788	3.27163	4.30E-03
0.002792	3.69412	4.30E-03
0.002796	4.08987	4.30E-03