0	0.125343	0.00432174
4.00E-06	0.399912	0.00432174
8.00E-06	0.671904	0.00432174
1.20E-05	0.936806	0.00432174
1.60E-05	1.19591	0.00432174
2.00E-05	1.44534	0.00432174
2.40E-05	1.68543	0.00432174
2.80E-05	1.9152	0.00432174
3.20E-05	2.13338	0.00432174
3.60E-05	2.33834	0.00432174
4.00E-05	2.5288	0.00432174
4.40E-05	2.70315	0.00432174
4.80E-05	2.86009	0.00432174
5.20E-05	2.99641	0.00432174
5.60E-05	3.11146	0.00432174
6.00E-05	3.20234	0.00432174
6.40E-05	3.26712	0.00432174
6.80E-05	3.30579	0.00432174
7.20E-05	3.31513	0.00432174
7.60E-05	3.29483	0.00432174
8.00E-05	3.24295	0.00432174
8.40E-05	3.15916	0.00432174
8.80E-05	3.0454	0.00432174
9.20E-05	2.90328	0.00432174
9.60E-05	2.73602	0.00432174
1.00E-04	2.5462	0.00432174
0.000104	2.33705	0.00432174
0.000108	2.11082	0.00432174
0.000112	1.8717	0.00432174
0.000116	1.62065	0.00432174
0.00012	1.36026	0.00432174
0.000124	1.09472	0.00432174
0.000128	0.824335	0.00432174
0.000132	0.55041	0.00432174
0.000136	0.274874	0.00432174
0.00014	-0.0025959	0.00432174
0.000144	-0.276843	0.00432174
0.000148	-0.548834	0.00432174
0.000152	-0.815346	0.00432174
0.000156	-1.07702	0.00432174
0.00016	-1.32968	0.00432174
0.000164	-1.57331	0.00432174
0.000168	-1.80727	0.00432174
0.000172	-2.02931	0.00432174
0.000176	-2.23911	0.00432174
0.00018	-2.43537	0.00432174
0.000184	-2.6168	0.00432174
0.000188	-2.78148	0.00432174
0.000192	-2.92714	0.00432174
0.000196	-3.05089	0.00432174
0.0002	-3.15369	0.00432174
0.000204	-3.232	0.00432174
0.000208	-3.28131	0.00432174
0.000212	-3.30548	0.00432174
0.000216	-3.29904	0.00432174
0.00022	-3.26197	0.00432174
0.000224	-3.19365	0.00432174
0.000228	-3.09407	0.00432174
0.000232	-2.96485	0.00432174
0.000236	-2.80855	0.00432174
0.00024	-2.62873	0.00432174
0.000244	-2.42892	0.00432174
0.000248	-2.2101	0.00432174
0.000252	-1.9755	0.00432174
0.000256	-1.72993	0.00432174
0.00026	-1.47244	0.00432174
0.000264	-1.20947	0.00432174
0.000268	-0.940062	0.00432174
0.000272	-0.66646	0.00432174
0.000276	-0.390602	0.00432174
0.00028	-0.114099	0.00432174
0.000284	0.162726	0.00432174
0.000288	0.436006	0.00432174
0.000292	0.706708	0.00432174
0.000296	0.970966	0.00432174
0.0003	1.22749	0.00432174
0.000304	1.47531	0.00432174
0.000308	1.71379	0.00432174
0.000312	1.94163	0.00432174
0.000316	2.15723	0.00432174
0.00032	2.35929	0.00432174
0.000324	2.54781	0.00432174
0.000328	2.71862	0.00432174
0.000332	2.87202	0.00432174
0.000336	3.00511	0.00432174
0.00034	3.11565	0.00432174
0.000344	3.20395	0.00432174
0.000348	3.26486	0.00432174
0.000352	3.29838	0.00432174
0.000356	3.30321	0.00432174
0.00036	3.27807	0.00432174
0.000364	3.22168	0.00432174
0.000368	3.1337	0.00432174
0.000372	3.0151	0.00432174
0.000376	2.86944	0.00432174
0.00038	2.69831	0.00432174
0.000384	2.50624	0.00432174
0.000388	2.29387	0.00432174
0.000392	2.06635	0.00432174
0.000396	1.82497	0.00432174
0.0004	1.57425	0.00432174
0.000404	1.31321	0.00432174
0.000408	1.04638	0.00432174
0.000412	0.775351	0.00432174
0.000416	0.501748	0.00432174
0.00042	0.225245	0.00432174
0.000424	-0.0506133	0.00432174
0.000428	-0.324538	0.00432174
0.000432	-0.59524	0.00432174
0.000436	-0.862074	0.00432174
0.00044	-1.12117	0.00432174
0.000444	-1.37254	0.00432174
0.000448	-1.61392	0.00432174
0.000452	-1.84595	0.00432174
0.000456	-2.06509	0.00432174
0.00046	-2.27295	0.00432174
0.000464	-2.46663	0.00432174
0.000468	-2.64516	0.00432174
0.000472	-2.80629	0.00432174
0.000476	-2.94777	0.00432174
0.00048	-3.06862	0.00432174
0.000484	-3.16626	0.00432174
0.000488	-3.23942	0.00432174
0.000492	-3.28518	0.00432174
0.000496	-3.30322	0.00432174
0.0005	-3.29162	0.00432174
0.000504	-3.24941	0.00432174
0.000508	-3.17496	0.00432174
0.000512	-3.07023	0.00432174
0.000516	-2.93681	0.00432174
0.00052	-2.77632	0.00432174
0.000524	-2.59231	0.00432174
0.000528	-2.38864	0.00432174
0.000532	-2.1666	0.00432174
0.000536	-1.9307	0.00432174
0.00054	-1.68224	0.00432174
0.000544	-1.42507	0.00432174
0.000548	-1.16049	0.00432174
0.000552	-0.890756	0.00432174
0.000556	-0.616187	0.00432174
0.00056	-0.340007	0.00432174
0.000564	-0.0631816	0.00432174
0.000568	0.212999	0.00432174
0.000572	0.486924	0.00432174
0.000576	0.75537	0.00432174
0.00058	1.01802	0.00432174
0.000584	1.27325	0.00432174
0.000588	1.51946	0.00432174
0.000592	1.75568	0.00432174
0.000596	1.98127	0.00432174
0.0006	2.19461	0.00432174
0.000604	2.39474	0.00432174
0.000608	2.57972	0.00432174
0.000612	2.74794	0.00432174
0.000616	2.89812	0.00432174
0.00062	3.0267	0.00432174
0.000624	3.13305	0.00432174
0.000628	3.21588	0.00432174
0.000632	3.2726	0.00432174
0.000636	3.29967	0.00432174
0.00064	3.29999	0.00432174
0.000644	3.27002	0.00432174
0.000648	3.20782	0.00432174
0.000652	3.11339	0.00432174
0.000656	2.99093	0.00432174
0.00066	2.84043	0.00432174
0.000664	2.66544	0.00432174
0.000668	2.46789	0.00432174
0.000672	2.25391	0.00432174
0.000676	2.02381	0.00432174
0.00068	1.77985	0.00432174
0.000684	1.52655	0.00432174
0.000688	1.26487	0.00432174
0.000692	0.998036	0.00432174
0.000696	0.7254	0.00432174
0.0007	0.451152	0.00432174
0.000704	0.175294	0.00432174
0.000708	-0.100564	0.00432174
0.000712	-0.374489	0.00432174
0.000716	-0.644546	0.00432174
0.00072	-0.909769	0.00432174
0.000724	-1.1679	0.00432174
0.000728	-1.41605	0.00432174
0.000732	-1.65678	0.00432174
0.000736	-1.88655	0.00432174
0.00074	-2.10376	0.00432174
0.000744	-2.30936	0.00432174
0.000748	-2.50014	0.00432174
0.000752	-2.67513	0.00432174
0.000756	-2.83304	0.00432174
0.00076	-2.97129	0.00432174
0.000764	-3.08699	0.00432174
0.000768	-3.18141	0.00432174
0.000772	-3.24908	0.00432174
0.000776	-3.29001	0.00432174
0.00078	-3.3029	0.00432174
0.000784	-3.28679	0.00432174
0.000788	-3.23877	0.00432174
0.000792	-3.15821	0.00432174
0.000796	-3.04896	0.00432174
0.0008	-2.9091	0.00432174
0.000804	-2.74474	0.00432174
0.000808	-2.55686	0.00432174
0.000812	-2.34964	0.00432174
0.000816	-2.12567	0.00432174
0.00082	-1.88655	0.00432174
0.000824	-1.6368	0.00432174
0.000828	-1.37737	0.00432174
0.000832	-1.11183	0.00432174
0.000836	-0.84016	0.00432174
0.00084	-0.566236	0.00432174
0.000844	-0.290056	0.00432174
0.000848	-0.0132306	0.00432174
0.000852	0.26295	0.00432174
0.000856	0.535264	0.00432174
0.00086	0.803388	0.00432174
0.000864	1.06442	0.00432174
0.000868	1.31837	0.00432174
0.000872	1.56265	0.00432174
0.000876	1.7979	0.00432174
0.00088	2.02091	0.00432174
0.000884	2.23167	0.00432174
0.000888	2.4289	0.00432174
0.000892	2.61162	0.00432174
0.000896	2.77662	0.00432174
0.0009	2.92229	0.00432174
0.000904	3.0483	0.00432174
0.000908	3.14981	0.00432174
0.000912	3.2278	0.00432174
0.000916	3.27904	0.00432174
0.00092	3.30353	0.00432174
0.000924	3.29709	0.00432174
0.000928	3.26035	0.00432174
0.000932	3.19332	0.00432174
0.000936	3.09406	0.00432174
0.00094	2.96483	0.00432174
0.000944	2.81014	0.00432174
0.000948	2.63064	0.00432174
0.000952	2.43051	0.00432174
0.000956	2.21298	0.00432174
0.00096	1.9803	0.00432174
0.000964	1.73506	0.00432174
0.000968	1.4795	0.00432174
0.000972	1.21685	0.00432174
0.000976	0.947763	0.00432174
0.00098	0.675449	0.00432174
0.000984	0.401524	0.00432174
0.000988	0.125988	0.00432174
0.000992	-0.149871	0.00432174
0.000996	-0.424117	0.00432174
0.001	-0.69353	0.00432174
0.001004	-0.956175	0.00432174
0.001008	-1.21334	0.00432174
0.001012	-1.46084	0.00432174
0.001016	-1.69867	0.00432174
0.00102	-1.92716	0.00432174
0.001024	-2.14275	0.00432174
0.001028	-2.34417	0.00432174
0.001032	-2.53301	0.00432174
0.001036	-2.7051	0.00432174
0.00104	-2.85979	0.00432174
0.001044	-2.99321	0.00432174
0.001048	-3.10729	0.00432174
0.001052	-3.19559	0.00432174
0.001056	-3.25875	0.00432174
0.00106	-3.29452	0.00432174
0.001064	-3.30258	0.00432174
0.001068	-3.28067	0.00432174
0.001072	-3.22653	0.00432174
0.001076	-3.14048	0.00432174
0.00108	-3.02575	0.00432174
0.001084	-2.8817	0.00432174
0.001088	-2.71219	0.00432174
0.001092	-2.52109	0.00432174
0.001096	-2.31065	0.00432174
0.0011	-2.08378	0.00432174
0.001104	-1.84208	0.00432174
0.001108	-1.59007	0.00432174
0.001112	-1.32968	0.00432174
0.001116	-1.06284	0.00432174
0.00112	-0.791821	0.00432174
0.001124	-0.516607	0.00432174
0.001128	-0.240105	0.00432174
0.001132	0.0370426	0.00432174
0.001136	0.312256	0.00432174
0.00114	0.584248	0.00432174
0.001144	0.851405	0.00432174
0.001148	1.11083	0.00432174
0.001152	1.36316	0.00432174
0.001156	1.60615	0.00432174
0.00116	1.8385	0.00432174
0.001164	2.0599	0.00432174
0.001168	2.26809	0.00432174
0.001172	2.4637	0.00432174
0.001176	2.64256	0.00432174
0.00118	2.80402	0.00432174
0.001184	2.9471	0.00432174
0.001188	3.06763	0.00432174
0.001192	3.16592	0.00432174
0.001196	3.2394	0.00432174
0.0012	3.28549	0.00432174
0.001204	3.30386	0.00432174
0.001208	3.2929	0.00432174
0.001212	3.251	0.00432174
0.001216	3.17753	0.00432174
0.00122	3.07214	0.00432174
0.001224	2.9384	0.00432174
0.001228	2.77888	0.00432174
0.001232	2.59583	0.00432174
0.001236	2.3928	0.00432174
0.00124	2.17205	0.00432174
0.001244	1.93647	0.00432174
0.001248	1.6893	0.00432174
0.001252	1.43277	0.00432174
0.001256	1.16851	0.00432174
0.00126	0.899745	0.00432174
0.001264	0.626464	0.00432174
0.001268	0.351895	0.00432174
0.001272	0.0753921	0.00432174
0.001276	-0.199822	0.00432174
0.00128	-0.472135	0.00432174
0.001284	-0.740903	0.00432174
0.001288	-1.00355	0.00432174
0.001292	-1.25814	0.00432174
0.001296	-1.50499	0.00432174
0.0013	-1.74153	0.00432174
0.001304	-1.96647	0.00432174
0.001308	-2.18046	0.00432174
0.001312	-2.37962	0.00432174
0.001316	-2.56524	0.00432174
0.00132	-2.73475	0.00432174
0.001324	-2.88557	0.00432174
0.001328	-3.01576	0.00432174
0.001332	-3.12405	0.00432174
0.001336	-3.20848	0.00432174
0.00134	-3.26713	0.00432174
0.001344	-3.29807	0.00432174
0.001348	-3.30129	0.00432174
0.001352	-3.27229	0.00432174
0.001356	-3.21299	0.00432174
0.00136	-3.12243	0.00432174
0.001364	-3.00062	0.00432174
0.001368	-2.85205	0.00432174
0.001372	-2.679	0.00432174
0.001376	-2.48403	0.00432174
0.00138	-2.26972	0.00432174
0.001384	-2.03995	0.00432174
0.001388	-1.79696	0.00432174
0.001392	-1.54366	0.00432174
0.001396	-1.28231	0.00432174
0.0014	-1.01418	0.00432174
0.001404	-0.741225	0.00432174
0.001408	-0.466656	0.00432174
0.001412	-0.189509	0.00432174
0.001416	0.0863491	0.00432174
0.00142	0.361885	0.00432174
0.001424	0.633554	0.00432174
0.001428	0.899101	0.00432174
0.001432	1.15788	0.00432174
0.001436	1.40796	0.00432174
0.00144	1.64869	0.00432174
0.001444	1.88008	0.00432174
0.001448	2.09825	0.00432174
0.001452	2.30482	0.00432174
0.001456	2.4969	0.00432174
0.00146	2.6735	0.00432174
0.001464	2.83173	0.00432174
0.001468	2.97095	0.00432174
0.001472	3.08826	0.00432174
0.001476	3.18139	0.00432174
0.00148	3.25036	0.00432174
0.001484	3.29129	0.00432174
0.001488	3.3045	0.00432174
0.001492	3.2871	0.00432174
0.001496	3.23972	0.00432174
0.0015	3.16077	0.00432174
0.001504	3.05023	0.00432174
0.001508	2.91198	0.00432174
0.001512	2.74762	0.00432174
0.001516	2.56167	0.00432174
0.00152	2.35413	0.00432174
0.001524	2.1308	0.00432174
0.001528	1.89232	0.00432174
0.001532	1.6445	0.00432174
0.001536	1.38669	0.00432174
0.00154	1.1205	0.00432174
0.001544	0.850116	0.00432174
0.001548	0.576513	0.00432174
0.001552	0.301622	0.00432174
0.001556	0.0264079	0.00432174
0.00156	-0.249128	0.00432174
0.001564	-0.521441	0.00432174
0.001568	-0.78892	0.00432174
0.001572	-1.04995	0.00432174
0.001576	-1.3039	0.00432174
0.00158	-1.54689	0.00432174
0.001584	-1.7831	0.00432174
0.001588	-2.00611	0.00432174
0.001592	-2.21687	0.00432174
0.001596	-2.4141	0.00432174
0.0016	-2.59747	0.00432174
0.001604	-2.76408	0.00432174
0.001608	-2.91006	0.00432174
0.001612	-3.038	0.00432174
0.001616	-3.14209	0.00432174
0.00162	-3.22072	0.00432174
0.001624	-3.27454	0.00432174
0.001628	-3.30097	0.00432174
0.001632	-3.29742	0.00432174
0.001636	-3.26488	0.00432174
0.00164	-3.19946	0.00432174
0.001644	-3.10245	0.00432174
0.001648	-2.97548	0.00432174
0.001652	-2.82241	0.00432174
0.001656	-2.64581	0.00432174
0.00166	-2.44665	0.00432174
0.001664	-2.23073	0.00432174
0.001668	-1.99773	0.00432174
0.001672	-1.75217	0.00432174
0.001676	-1.49693	0.00432174
0.00168	-1.23429	0.00432174
0.001684	-0.964876	0.00432174
0.001688	-0.691597	0.00432174
0.001692	-0.416061	0.00432174
0.001696	-0.139236	0.00432174
0.0017	0.136622	0.00432174
0.001704	0.410869	0.00432174
0.001708	0.681572	0.00432174
0.001712	0.946151	0.00432174
0.001716	1.20364	0.00432174
0.00172	1.45243	0.00432174
0.001724	1.69187	0.00432174
0.001728	1.91972	0.00432174
0.001732	2.13725	0.00432174
0.001736	2.3406	0.00432174
0.00174	2.52977	0.00432174
0.001744	2.70282	0.00432174
0.001748	2.85816	0.00432174
0.001752	2.99319	0.00432174
0.001756	3.1063	0.00432174
0.00176	3.1959	0.00432174
0.001764	3.25906	0.00432174
0.001768	3.29515	0.00432174
0.001772	3.30257	0.00432174
0.001776	3.28162	0.00432174
0.00178	3.2278	0.00432174
0.001784	3.14208	0.00432174
0.001788	3.0267	0.00432174
0.001792	2.88362	0.00432174
0.001796	2.71604	0.00432174
0.0018	2.52526	0.00432174
0.001804	2.31482	0.00432174
0.001808	2.08826	0.00432174
0.001812	1.84817	0.00432174
0.001816	1.59745	0.00432174
0.00182	1.33899	0.00432174
0.001824	1.07183	0.00432174
0.001828	0.801454	0.00432174
0.001832	0.526885	0.00432174
0.001836	0.251671	0.00432174
0.00184	-0.0238653	0.00432174
0.001844	-0.298757	0.00432174
0.001848	-0.570103	0.00432174
0.001852	-0.836938	0.00432174
0.001856	-1.09604	0.00432174
0.00186	-1.34869	0.00432174
0.001864	-1.59168	0.00432174
0.001868	-1.82339	0.00432174
0.001872	-2.04478	0.00432174
0.001876	-2.25361	0.00432174
0.00188	-2.44922	0.00432174
0.001884	-2.62937	0.00432174
0.001888	-2.79147	0.00432174
0.001892	-2.9352	0.00432174
0.001896	-3.0583	0.00432174
0.0019	-3.15756	0.00432174
0.001904	-3.23297	0.00432174
0.001908	-3.28163	0.00432174
0.001912	-3.30258	0.00432174
0.001916	-3.2942	0.00432174
0.00192	-3.25553	0.00432174
0.001924	-3.18399	0.00432174
0.001928	-3.08183	0.00432174
0.001932	-2.95035	0.00432174
0.001936	-2.79308	0.00432174
0.00194	-2.61132	0.00432174
0.001944	-2.40894	0.00432174
0.001948	-2.18916	0.00432174
0.001952	-1.95326	0.00432174
0.001956	-1.70608	0.00432174
0.00196	-1.44988	0.00432174
0.001964	-1.18563	0.00432174
0.001968	-0.91557	0.00432174
0.001972	-0.641968	0.00432174
0.001976	-0.366432	0.00432174
0.00198	-0.089285	0.00432174
0.001984	0.186573	0.00432174
0.001988	0.459854	0.00432174
0.001992	0.730234	0.00432174
0.001996	0.993524	0.00432174
0.002	1.24973	0.00432174
0.002004	1.49626	0.00432174
0.002008	1.73409	0.00432174
0.002012	1.96064	0.00432174
0.002016	2.17495	0.00432174
0.00202	2.37605	0.00432174
0.002024	2.56232	0.00432174
0.002028	2.7328	0.00432174
0.002032	2.88458	0.00432174
0.002036	3.01607	0.00432174
0.00204	3.12435	0.00432174
0.002044	3.20879	0.00432174
0.002048	3.26808	0.00432174
0.002052	3.29934	0.00432174
0.002056	3.30192	0.00432174
0.00206	3.27421	0.00432174
0.002064	3.21491	0.00432174
0.002068	3.12371	0.00432174
0.002072	3.0035	0.00432174
0.002076	2.8559	0.00432174
0.00208	2.68317	0.00432174
0.002084	2.48787	0.00432174
0.002088	2.27582	0.00432174
0.002092	2.04637	0.00432174
0.002096	1.80338	0.00432174
0.0021	1.55072	0.00432174
0.002104	1.29001	0.00432174
0.002108	1.02285	0.00432174
0.002112	0.751503	0.00432174
0.002116	0.477256	0.00432174
0.00212	0.202687	0.00432174
0.002124	-0.0744608	0.00432174
0.002128	-0.348063	0.00432174
0.002132	-0.618765	0.00432174
0.002136	-0.883666	0.00432174
0.00214	-1.14277	0.00432174
0.002144	-1.39349	0.00432174
0.002148	-1.6339	0.00432174
0.002152	-1.86496	0.00432174
0.002156	-2.08313	0.00432174
0.00216	-2.29035	0.00432174
0.002164	-2.48274	0.00432174
0.002168	-2.65998	0.00432174
0.002172	-2.82015	0.00432174
0.002176	-2.95905	0.00432174
0.00218	-3.07861	0.00432174
0.002184	-3.17367	0.00432174
0.002188	-3.24361	0.00432174
0.002192	-3.28808	0.00432174
0.002196	-3.30322	0.00432174
0.0022	-3.28905	0.00432174
0.002204	-3.24425	0.00432174
0.002208	-3.1682	0.00432174
0.002212	-3.06024	0.00432174
0.002216	-2.92424	0.00432174
0.00222	-2.76214	0.00432174
0.002224	-2.57652	0.00432174
0.002228	-2.36995	0.00432174
0.002232	-2.14758	0.00432174
0.002236	-1.90975	0.00432174
0.00224	-1.66097	0.00432174
0.002244	-1.40219	0.00432174
0.002248	-1.13761	0.00432174
0.002252	-0.866908	0.00432174
0.002256	-0.592984	0.00432174
0.00226	-0.316804	0.00432174
0.002264	-0.039334	0.00432174
0.002268	0.236202	0.00432174
0.002272	0.510127	0.00432174
0.002276	0.778251	0.00432174
0.00228	1.04025	0.00432174
0.002284	1.29516	0.00432174
0.002288	1.53976	0.00432174
0.002292	1.77599	0.00432174
0.002296	2.0006	0.00432174
0.0023	2.21266	0.00432174
0.002304	2.41085	0.00432174
0.002308	2.59454	0.00432174
0.002312	2.7618	0.00432174
0.002316	2.91004	0.00432174
0.00232	3.03637	0.00432174
0.002324	3.14175	0.00432174
0.002328	3.222	0.00432174
0.002332	3.27582	0.00432174
0.002336	3.30192	0.00432174
0.00234	3.29967	0.00432174
0.002344	3.26647	0.00432174
0.002348	3.20105	0.00432174
0.002352	3.10502	0.00432174
0.002356	2.97869	0.00432174
0.00236	2.82625	0.00432174
0.002364	2.64933	0.00432174
0.002368	2.45178	0.00432174
0.002372	2.23522	0.00432174
0.002376	2.00318	0.00432174
0.00238	1.75955	0.00432174
0.002384	1.50432	0.00432174
0.002388	1.24231	0.00432174
0.002392	0.974188	0.00432174
0.002396	0.702519	0.00432174
0.0024	0.427627	0.00432174
0.002404	0.151769	0.00432174
0.002408	-0.123767	0.00432174
0.002412	-0.39737	0.00432174
0.002416	-0.667749	0.00432174
0.00242	-0.931683	0.00432174
0.002424	-1.18853	0.00432174
0.002428	-1.43699	0.00432174
0.002432	-1.67676	0.00432174
0.002436	-1.90556	0.00432174
0.00244	-2.12245	0.00432174
0.002444	-2.3258	0.00432174
0.002448	-2.51529	0.00432174
0.002452	-2.68963	0.00432174
0.002456	-2.84561	0.00432174
0.00246	-2.98225	0.00432174
0.002464	-3.09698	0.00432174
0.002468	-3.1885	0.00432174
0.002472	-3.25392	0.00432174
0.002476	-3.29227	0.00432174
0.00248	-3.30322	0.00432174
0.002484	-3.28357	0.00432174
0.002488	-3.23297	0.00432174
0.002492	-3.15079	0.00432174
0.002496	-3.03703	0.00432174
0.0025	-2.8962	0.00432174
0.002504	-2.72927	0.00432174
0.002508	-2.54042	0.00432174
0.002512	-2.33128	0.00432174
0.002516	-2.10634	0.00432174
0.00252	-1.86593	0.00432174
0.002524	-1.61488	0.00432174
0.002528	-1.35514	0.00432174
0.002532	-1.08863	0.00432174
0.002536	-0.817924	0.00432174
0.00254	-0.543033	0.00432174
0.002544	-0.266853	0.00432174
0.002548	0.00997241	0.00432174
0.002552	0.285508	0.00432174
0.002556	0.558144	0.00432174
0.00256	0.825624	0.00432174
0.002564	1.08698	0.00432174
0.002568	1.33899	0.00432174
0.002572	1.58295	0.00432174
0.002576	1.81724	0.00432174
0.00258	2.03928	0.00432174
0.002584	2.24907	0.00432174
0.002588	2.44566	0.00432174
0.002592	2.62613	0.00432174
0.002596	2.78887	0.00432174
0.0026	2.93421	0.00432174
0.002604	3.05764	0.00432174
0.002608	3.15755	0.00432174
0.002612	3.23328	0.00432174
0.002616	3.28259	0.00432174
0.00262	3.30386	0.00432174
0.002624	3.29515	0.00432174
0.002628	3.25616	0.00432174
0.002632	3.18526	0.00432174
0.002636	3.08439	0.00432174
0.00264	2.95323	0.00432174
0.002644	2.79628	0.00432174
0.002648	2.61485	0.00432174
0.002652	2.41343	0.00432174
0.002656	2.19429	0.00432174
0.00266	1.96	0.00432174
0.002664	1.71347	0.00432174
0.002668	1.45791	0.00432174
0.002672	1.19494	0.00432174
0.002676	0.925849	0.00432174
0.00268	0.65289	0.00432174
0.002684	0.378321	0.00432174
0.002688	0.10214	0.00432174
0.002692	-0.173074	0.00432174
0.002696	-0.446676	0.00432174
0.0027	-0.715122	0.00432174
0.002704	-0.978089	0.00432174
0.002708	-1.23429	0.00432174
0.002712	-1.48082	0.00432174
0.002716	-1.71865	0.00432174
0.00272	-1.9452	0.00432174
0.002724	-2.15983	0.00432174
0.002728	-2.36125	0.00432174
0.002732	-2.54816	0.00432174
0.002736	-2.71928	0.00432174
0.00274	-2.87203	0.00432174
0.002744	-3.00416	0.00432174
0.002748	-3.11599	0.00432174
0.002752	-3.20171	0.00432174
0.002756	-3.26262	0.00432174
0.00276	-3.29678	0.00432174
0.002764	-3.30129	0.00432174
0.002768	-3.2768	0.00432174
0.002772	-3.2204	0.00432174
0.002776	-3.13242	0.00432174
0.00278	-3.01319	0.00432174
0.002784	-2.86849	0.00432174
0.002788	-2.69769	0.00432174
0.002792	-2.50433	0.00432174
0.002796	-2.29164	0.00432174