0	-0.0286993	4.30E-03
4.00E-06	0.312256	4.30E-03
8.00E-06	0.658046	4.30E-03
1.20E-05	0.999003	4.30E-03
1.60E-05	1.32932	4.30E-03
2.00E-05	1.64837	4.30E-03
2.40E-05	1.9571	4.30E-03
2.80E-05	2.25068	4.30E-03
3.20E-05	2.52139	4.30E-03
3.60E-05	2.7763	4.30E-03
4.00E-05	3.0035	4.30E-03
4.40E-05	3.20073	4.30E-03
4.80E-05	3.37927	4.30E-03
5.20E-05	3.52977	4.30E-03
5.60E-05	3.64933	4.30E-03
6.00E-05	3.73763	4.30E-03
6.40E-05	3.80208	4.30E-03
6.80E-05	3.83334	4.30E-03
7.20E-05	3.83463	4.30E-03
7.60E-05	3.80531	4.30E-03
8.00E-05	3.75278	4.30E-03
8.40E-05	3.66995	4.30E-03
8.80E-05	3.55651	4.30E-03
9.20E-05	3.41729	4.30E-03
9.60E-05	3.25713	4.30E-03
1.00E-04	3.07343	4.30E-03
0.000104	2.85848	4.30E-03
0.000108	2.6258	4.30E-03
0.000112	2.36799	4.30E-03
0.000116	2.09277	4.30E-03
0.00012	1.79661	4.30E-03
0.000124	1.48852	4.30E-03
0.000128	1.16658	4.30E-03
0.000132	0.832714	4.30E-03
0.000136	0.49208	4.30E-03
0.00014	0.144679	4.30E-03
0.000144	-0.196277	4.30E-03
0.000148	-0.543355	4.30E-03
0.000152	-0.886889	4.30E-03
0.000156	-1.22494	4.30E-03
0.00016	-1.55172	4.30E-03
0.000164	-1.86496	4.30E-03
0.000168	-2.16402	4.30E-03
0.000172	-2.44342	4.30E-03
0.000176	-2.70542	4.30E-03
0.00018	-2.94616	4.30E-03
0.000184	-3.15627	4.30E-03
0.000188	-3.34866	4.30E-03
0.000192	-3.5069	4.30E-03
0.000196	-3.63741	4.30E-03
0.0002	-3.73989	4.30E-03
0.000204	-3.81756	4.30E-03
0.000208	-3.8572	4.30E-03
0.000212	-3.87396	4.30E-03
0.000216	-3.85623	4.30E-03
0.00022	-3.81176	4.30E-03
0.000224	-3.73925	4.30E-03
0.000228	-3.63838	4.30E-03
0.000232	-3.51205	4.30E-03
0.000236	-3.36059	4.30E-03
0.00024	-3.18366	4.30E-03
0.000244	-2.98128	4.30E-03
0.000248	-2.75086	4.30E-03
0.000252	-2.50498	4.30E-03
0.000256	-2.23717	4.30E-03
0.00026	-1.95165	4.30E-03
0.000264	-1.64453	4.30E-03
0.000268	-1.32581	4.30E-03
0.000272	-0.993236	4.30E-03
0.000276	-0.654536	4.30E-03
0.00028	-0.308425	4.30E-03
0.000284	0.0293083	4.30E-03
0.000288	0.379932	4.30E-03
0.000292	0.727011	4.30E-03
0.000296	1.06281	4.30E-03
0.0003	1.39378	4.30E-03
0.000304	1.71057	4.30E-03
0.000308	2.01543	4.30E-03
0.000312	2.30805	4.30E-03
0.000316	2.5736	4.30E-03
0.00032	2.82271	4.30E-03
0.000324	3.04153	4.30E-03
0.000328	3.24198	4.30E-03
0.000332	3.41375	4.30E-03
0.000336	3.55845	4.30E-03
0.00034	3.67092	4.30E-03
0.000344	3.75826	4.30E-03
0.000348	3.81143	4.30E-03
0.000352	3.83463	4.30E-03
0.000356	3.8356	4.30E-03
0.00036	3.80144	4.30E-03
0.000364	3.73666	4.30E-03
0.000368	3.65126	4.30E-03
0.000372	3.53879	4.30E-03
0.000376	3.39216	4.30E-03
0.00038	3.22651	4.30E-03
0.000384	3.03379	4.30E-03
0.000388	2.81787	4.30E-03
0.000392	2.58004	4.30E-03
0.000396	2.32029	4.30E-03
0.0004	2.04024	4.30E-03
0.000404	1.74376	4.30E-03
0.000408	1.4289	4.30E-03
0.000412	1.10535	4.30E-03
0.000416	0.772773	4.30E-03
0.00042	0.428594	4.30E-03
0.000424	0.0837709	4.30E-03
0.000428	-0.261052	4.30E-03
0.000432	-0.608453	4.30E-03
0.000436	-0.952308	4.30E-03
0.00044	-1.28166	4.30E-03
0.000444	-1.61198	4.30E-03
0.000448	-1.92264	4.30E-03
0.000452	-2.21687	4.30E-03
0.000456	-2.49466	4.30E-03
0.00046	-2.75119	4.30E-03
0.000464	-2.98032	4.30E-03
0.000468	-3.19462	4.30E-03
0.000472	-3.38057	4.30E-03
0.000476	-3.53493	4.30E-03
0.00048	-3.66319	4.30E-03
0.000484	-3.75923	4.30E-03
0.000488	-3.82529	4.30E-03
0.000492	-3.86525	4.30E-03
0.000496	-3.87363	4.30E-03
0.0005	-3.85655	4.30E-03
0.000504	-3.80306	4.30E-03
0.000508	-3.72378	4.30E-03
0.000512	-3.61904	4.30E-03
0.000516	-3.48692	4.30E-03
0.00052	-3.33352	4.30E-03
0.000524	-3.14886	4.30E-03
0.000528	-2.93874	4.30E-03
0.000532	-2.71155	4.30E-03
0.000536	-2.45889	4.30E-03
0.00054	-2.18593	4.30E-03
0.000544	-1.89525	4.30E-03
0.000548	-1.58942	4.30E-03
0.000552	-1.26684	4.30E-03
0.000556	-0.934584	4.30E-03
0.00056	-0.594273	4.30E-03
0.000564	-0.248161	4.30E-03
0.000568	0.0953725	4.30E-03
0.000572	0.440518	4.30E-03
0.000576	0.784697	4.30E-03
0.00058	1.12146	4.30E-03
0.000584	1.45017	4.30E-03
0.000588	1.7689	4.30E-03
0.000592	2.06925	4.30E-03
0.000596	2.35445	4.30E-03
0.0006	2.62129	4.30E-03
0.000604	2.86331	4.30E-03
0.000608	3.08375	4.30E-03
0.000612	3.27324	4.30E-03
0.000616	3.44146	4.30E-03
0.00062	3.57972	4.30E-03
0.000624	3.68671	4.30E-03
0.000628	3.76953	4.30E-03
0.000632	3.81884	4.30E-03
0.000636	3.8414	4.30E-03
0.00064	3.82851	4.30E-03
0.000644	3.79532	4.30E-03
0.000648	3.72667	4.30E-03
0.000652	3.63418	4.30E-03
0.000656	3.5114	4.30E-03
0.00066	3.36541	4.30E-03
0.000664	3.19396	4.30E-03
0.000668	2.99673	4.30E-03
0.000672	2.77695	4.30E-03
0.000676	2.53621	4.30E-03
0.00068	2.27228	4.30E-03
0.000684	1.98675	4.30E-03
0.000688	1.68672	4.30E-03
0.000692	1.37219	4.30E-03
0.000696	1.0467	4.30E-03
0.0007	0.711865	4.30E-03
0.000704	0.367364	4.30E-03
0.000708	0.018029	4.30E-03
0.000712	-0.321315	4.30E-03
0.000716	-0.670327	4.30E-03
0.00072	-1.00967	4.30E-03
0.000724	-1.34354	4.30E-03
0.000728	-1.6687	4.30E-03
0.000732	-1.97711	4.30E-03
0.000736	-2.26908	4.30E-03
0.00074	-2.54461	4.30E-03
0.000744	-2.79759	4.30E-03
0.000748	-3.02704	4.30E-03
0.000752	-3.23072	4.30E-03
0.000756	-3.40925	4.30E-03
0.00076	-3.56104	4.30E-03
0.000764	-3.67802	4.30E-03
0.000768	-3.77309	4.30E-03
0.000772	-3.83754	4.30E-03
0.000776	-3.87041	4.30E-03
0.00078	-3.87428	4.30E-03
0.000784	-3.84624	4.30E-03
0.000788	-3.78823	4.30E-03
0.000792	-3.70509	4.30E-03
0.000796	-3.59906	4.30E-03
0.0008	-3.45694	4.30E-03
0.000804	-3.3	4.30E-03
0.000808	-3.11019	4.30E-03
0.000812	-2.90039	4.30E-03
0.000816	-2.6674	4.30E-03
0.00082	-2.41055	4.30E-03
0.000824	-2.13405	4.30E-03
0.000828	-1.83918	4.30E-03
0.000832	-1.52981	4.30E-03
0.000836	-1.20883	4.30E-03
0.00084	-0.871742	4.30E-03
0.000844	-0.530465	4.30E-03
0.000848	-0.18532	4.30E-03
0.000852	0.158536	4.30E-03
0.000856	0.503682	4.30E-03
0.00086	0.846894	4.30E-03
0.000864	1.18431	4.30E-03
0.000868	1.50689	4.30E-03
0.000872	1.82271	4.30E-03
0.000876	2.12371	4.30E-03
0.00088	2.40376	4.30E-03
0.000884	2.66738	4.30E-03
0.000888	2.90489	4.30E-03
0.000892	3.1192	4.30E-03
0.000896	3.30514	4.30E-03
0.0009	3.46628	4.30E-03
0.000904	3.60357	4.30E-03
0.000908	3.70701	4.30E-03
0.000912	3.77791	4.30E-03
0.000916	3.82625	4.30E-03
0.00092	3.84108	4.30E-03
0.000924	3.82851	4.30E-03
0.000928	3.78339	4.30E-03
0.000932	3.71088	4.30E-03
0.000936	3.61291	4.30E-03
0.00094	3.49206	4.30E-03
0.000944	3.33576	4.30E-03
0.000948	3.16045	4.30E-03
0.000952	2.96096	4.30E-03
0.000956	2.73473	4.30E-03
0.00096	2.49077	4.30E-03
0.000964	2.22168	4.30E-03
0.000968	1.93293	4.30E-03
0.000972	1.6329	4.30E-03
0.000976	1.31611	4.30E-03
0.00098	0.983856	4.30E-03
0.000984	0.649668	4.30E-03
0.000988	0.303878	4.30E-03
0.000992	-0.0386895	4.30E-03
0.000996	-0.386735	4.30E-03
0.001	-0.729302	4.30E-03
0.001004	-1.07219	4.30E-03
0.001008	-1.40606	4.30E-03
0.001012	-1.72349	4.30E-03
0.001016	-2.02867	4.30E-03
0.00102	-2.31838	4.30E-03
0.001024	-2.59102	4.30E-03
0.001028	-2.83916	4.30E-03
0.001032	-3.06249	4.30E-03
0.001036	-3.26616	4.30E-03
0.00104	-3.43471	4.30E-03
0.001044	-3.58102	4.30E-03
0.001048	-3.69671	4.30E-03
0.001052	-3.78566	4.30E-03
0.001056	-3.8456	4.30E-03
0.00106	-3.86977	4.30E-03
0.001064	-3.87073	4.30E-03
0.001068	-3.83754	4.30E-03
0.001072	-3.77567	4.30E-03
0.001076	-3.68801	4.30E-03
0.00108	-3.57296	4.30E-03
0.001084	-3.43278	4.30E-03
0.001088	-3.2652	4.30E-03
0.001092	-3.07603	4.30E-03
0.001096	-2.8585	4.30E-03
0.0011	-2.61938	4.30E-03
0.001104	-2.36028	4.30E-03
0.001108	-2.08055	4.30E-03
0.001112	-1.78762	4.30E-03
0.001116	-1.47212	4.30E-03
0.00112	-1.14534	4.30E-03
0.001124	-0.81019	4.30E-03
0.001128	-0.468912	4.30E-03
0.001132	-0.121834	4.30E-03
0.001136	0.219444	4.30E-03
0.00114	0.568135	4.30E-03
0.001144	0.909735	4.30E-03
0.001148	1.24392	4.30E-03
0.001152	1.56522	4.30E-03
0.001156	1.87589	4.30E-03
0.00116	2.1756	4.30E-03
0.001164	2.45403	4.30E-03
0.001168	2.71153	4.30E-03
0.001172	2.94098	4.30E-03
0.001176	3.15432	4.30E-03
0.00118	3.33866	4.30E-03
0.001184	3.49432	4.30E-03
0.001188	3.62129	4.30E-03
0.001192	3.72023	4.30E-03
0.001196	3.79306	4.30E-03
0.0012	3.83109	4.30E-03
0.001204	3.83914	4.30E-03
0.001208	3.81981	4.30E-03
0.001212	3.76953	4.30E-03
0.001216	3.69541	4.30E-03
0.00122	3.59293	4.30E-03
0.001224	3.46273	4.30E-03
0.001228	3.30386	4.30E-03
0.001232	3.12725	4.30E-03
0.001236	2.91971	4.30E-03
0.00124	2.69187	4.30E-03
0.001244	2.4405	4.30E-03
0.001248	2.16979	4.30E-03
0.001252	1.8804	4.30E-03
0.001256	1.5765	4.30E-03
0.00126	1.25456	4.30E-03
0.001264	0.927138	4.30E-03
0.001268	0.588437	4.30E-03
0.001272	0.240069	4.30E-03
0.001276	-0.101209	4.30E-03
0.00128	-0.447643	4.30E-03
0.001284	-0.792465	4.30E-03
0.001288	-1.13278	4.30E-03
0.001292	-1.46084	4.30E-03
0.001296	-1.78085	4.30E-03
0.0013	-2.08055	4.30E-03
0.001304	-2.37414	4.30E-03
0.001308	-2.63614	4.30E-03
0.001312	-2.88138	4.30E-03
0.001316	-3.10149	4.30E-03
0.00132	-3.29904	4.30E-03
0.001324	-3.46242	4.30E-03
0.001328	-3.60454	4.30E-03
0.001332	-3.71701	4.30E-03
0.001336	-3.79887	4.30E-03
0.00134	-3.85108	4.30E-03
0.001344	-3.87589	4.30E-03
0.001348	-3.86493	4.30E-03
0.001352	-3.83013	4.30E-03
0.001356	-3.76632	4.30E-03
0.00136	-3.66706	4.30E-03
0.001364	-3.55008	4.30E-03
0.001368	-3.4057	4.30E-03
0.001372	-3.23458	4.30E-03
0.001376	-3.03542	4.30E-03
0.00138	-2.82112	4.30E-03
0.001384	-2.57458	4.30E-03
0.001388	-2.31323	4.30E-03
0.001392	-2.02609	4.30E-03
0.001396	-1.73058	4.30E-03
0.0014	-1.41508	4.30E-03
0.001404	-1.08863	4.30E-03
0.001408	-0.750249	4.30E-03
0.001412	-0.408649	4.30E-03
0.001416	-0.056414	4.30E-03
0.00142	0.281641	4.30E-03
0.001424	0.626142	4.30E-03
0.001428	0.968388	4.30E-03
0.001432	1.30097	4.30E-03
0.001436	1.62388	4.30E-03
0.00144	1.93454	4.30E-03
0.001444	2.22651	4.30E-03
0.001448	2.49915	4.30E-03
0.001452	2.756	4.30E-03
0.001456	2.98545	4.30E-03
0.00146	3.19106	4.30E-03
0.001464	3.36895	4.30E-03
0.001468	3.52042	4.30E-03
0.001472	3.64288	4.30E-03
0.001476	3.73634	4.30E-03
0.00148	3.79886	4.30E-03
0.001484	3.83463	4.30E-03
0.001488	3.83947	4.30E-03
0.001492	3.8095	4.30E-03
0.001496	3.76051	4.30E-03
0.0015	3.67865	4.30E-03
0.001504	3.57134	4.30E-03
0.001508	3.43727	4.30E-03
0.001512	3.27711	4.30E-03
0.001516	3.09148	4.30E-03
0.00152	2.88168	4.30E-03
0.001524	2.64965	4.30E-03
0.001528	2.3928	4.30E-03
0.001532	2.12017	4.30E-03
0.001536	1.82787	4.30E-03
0.00154	1.51914	4.30E-03
0.001544	1.19816	4.30E-03
0.001548	0.86204	4.30E-03
0.001552	0.524307	4.30E-03
0.001556	0.178839	4.30E-03
0.00156	-0.16405	4.30E-03
0.001564	-0.511129	4.30E-03
0.001568	-0.852729	4.30E-03
0.001572	-1.19465	4.30E-03
0.001576	-1.51917	4.30E-03
0.00158	-1.83434	4.30E-03
0.001584	-2.13534	4.30E-03
0.001588	-2.42022	4.30E-03
0.001592	-2.68125	4.30E-03
0.001596	-2.92295	4.30E-03
0.0016	-3.14113	4.30E-03
0.001604	-3.33126	4.30E-03
0.001608	-3.48885	4.30E-03
0.001612	-3.62549	4.30E-03
0.001616	-3.73538	4.30E-03
0.00162	-3.81144	4.30E-03
0.001624	-3.85816	4.30E-03
0.001628	-3.87363	4.30E-03
0.001632	-3.86107	4.30E-03
0.001636	-3.82143	4.30E-03
0.00164	-3.74924	4.30E-03
0.001644	-3.65159	4.30E-03
0.001648	-3.52591	4.30E-03
0.001652	-3.37863	4.30E-03
0.001656	-3.2001	4.30E-03
0.00166	-3.00287	4.30E-03
0.001664	-2.77826	4.30E-03
0.001668	-2.53108	4.30E-03
0.001672	-2.26618	4.30E-03
0.001676	-1.97517	4.30E-03
0.00168	-1.67289	4.30E-03
0.001684	-1.35482	4.30E-03
0.001688	-1.02836	4.30E-03
0.001692	-0.690308	4.30E-03
0.001696	-0.342907	4.30E-03
0.0017	-0.000984581	4.30E-03
0.001704	0.346094	4.30E-03
0.001708	0.69124	4.30E-03
0.001712	1.03026	4.30E-03
0.001716	1.36348	4.30E-03
0.00172	1.67963	4.30E-03
0.001724	1.98836	4.30E-03
0.001728	2.27808	4.30E-03
0.001732	2.54846	4.30E-03
0.001736	2.79822	4.30E-03
0.00174	3.02026	4.30E-03
0.001744	3.222	4.30E-03
0.001748	3.39764	4.30E-03
0.001752	3.54459	4.30E-03
0.001756	3.66061	4.30E-03
0.00176	3.74988	4.30E-03
0.001764	3.80498	4.30E-03
0.001768	3.83592	4.30E-03
0.001772	3.83882	4.30E-03
0.001776	3.80402	4.30E-03
0.00178	3.7473	4.30E-03
0.001784	3.66673	4.30E-03
0.001788	3.55007	4.30E-03
0.001792	3.40763	4.30E-03
0.001796	3.24456	4.30E-03
0.0018	3.05796	4.30E-03
0.001804	2.84366	4.30E-03
0.001808	2.60389	4.30E-03
0.001812	2.34543	4.30E-03
0.001816	2.06925	4.30E-03
0.00182	1.77276	4.30E-03
0.001824	1.46049	4.30E-03
0.001828	1.13919	4.30E-03
0.001832	0.804677	4.30E-03
0.001836	0.465654	4.30E-03
0.00184	0.113419	4.30E-03
0.001844	-0.223991	4.30E-03
0.001848	-0.571392	4.30E-03
0.001852	-0.91557	4.30E-03
0.001856	-1.25524	4.30E-03
0.00186	-1.57782	4.30E-03
0.001864	-1.89042	4.30E-03
0.001868	-2.19045	4.30E-03
0.001872	-2.46856	4.30E-03
0.001876	-2.72605	4.30E-03
0.00188	-2.96259	4.30E-03
0.001884	-3.17561	4.30E-03
0.001888	-3.36607	4.30E-03
0.001892	-3.51624	4.30E-03
0.001896	-3.64901	4.30E-03
0.0019	-3.74827	4.30E-03
0.001904	-3.81982	4.30E-03
0.001908	-3.86558	4.30E-03
0.001912	-3.87396	4.30E-03
0.001916	-3.85398	4.30E-03
0.00192	-3.80402	4.30E-03
0.001924	-3.73313	4.30E-03
0.001928	-3.62871	4.30E-03
0.001932	-3.49787	4.30E-03
0.001936	-3.34447	4.30E-03
0.00194	-3.16465	4.30E-03
0.001944	-2.96066	4.30E-03
0.001948	-2.73636	4.30E-03
0.001952	-2.48016	4.30E-03
0.001956	-2.20978	4.30E-03
0.00196	-1.92941	4.30E-03
0.001964	-1.61714	4.30E-03
0.001968	-1.29681	4.30E-03
0.001972	-0.966166	4.30E-03
0.001976	-0.625855	4.30E-03
0.00198	-0.280065	4.30E-03
0.001984	0.0592789	4.30E-03
0.001988	0.40958	4.30E-03
0.001992	0.753115	4.30E-03
0.001996	1.09182	4.30E-03
0.002	1.42182	4.30E-03
0.002004	1.73764	4.30E-03
0.002008	2.04024	4.30E-03
0.002012	2.32803	4.30E-03
0.002016	2.59164	4.30E-03
0.00202	2.84076	4.30E-03
0.002024	3.06248	4.30E-03
0.002028	3.2568	4.30E-03
0.002032	3.42567	4.30E-03
0.002036	3.56779	4.30E-03
0.00204	3.67865	4.30E-03
0.002044	3.7618	4.30E-03
0.002048	3.81691	4.30E-03
0.002052	3.84076	4.30E-03
0.002056	3.83044	4.30E-03
0.00206	3.79435	4.30E-03
0.002064	3.73247	4.30E-03
0.002068	3.64127	4.30E-03
0.002072	3.52622	4.30E-03
0.002076	3.38217	4.30E-03
0.00208	3.21136	4.30E-03
0.002084	3.01671	4.30E-03
0.002088	2.80144	4.30E-03
0.002092	2.56006	4.30E-03
0.002096	2.29645	4.30E-03
0.0021	2.01672	4.30E-03
0.002104	1.71508	4.30E-03
0.002108	1.40377	4.30E-03
0.002112	1.08054	4.30E-03
0.002116	0.742802	4.30E-03
0.00212	0.398623	4.30E-03
0.002124	0.0538004	4.30E-03
0.002128	-0.291667	4.30E-03
0.002132	-0.6352	4.30E-03
0.002136	-0.9768	4.30E-03
0.00214	-1.30938	4.30E-03
0.002144	-1.63293	4.30E-03
0.002148	-1.94875	4.30E-03
0.002152	-2.24007	4.30E-03
0.002156	-2.51948	4.30E-03
0.00216	-2.77503	4.30E-03
0.002164	-3.00126	4.30E-03
0.002168	-3.21202	4.30E-03
0.002172	-3.38895	4.30E-03
0.002176	-3.54557	4.30E-03
0.00218	-3.66932	4.30E-03
0.002184	-3.76374	4.30E-03
0.002188	-3.83303	4.30E-03
0.002192	-3.86268	4.30E-03
0.002196	-3.87428	4.30E-03
0.0022	-3.84624	4.30E-03
0.002204	-3.79822	4.30E-03
0.002208	-3.71701	4.30E-03
0.002212	-3.60809	4.30E-03
0.002216	-3.47725	4.30E-03
0.00222	-3.31289	4.30E-03
0.002224	-3.13339	4.30E-03
0.002228	-2.92456	4.30E-03
0.002232	-2.68706	4.30E-03
0.002236	-2.43762	4.30E-03
0.00224	-2.16241	4.30E-03
0.002244	-1.86947	4.30E-03
0.002248	-1.5601	4.30E-03
0.002252	-1.23945	4.30E-03
0.002256	-0.907513	4.30E-03
0.00226	-0.564302	4.30E-03
0.002264	-0.218513	4.30E-03
0.002268	0.124376	4.30E-03
0.002272	0.469199	4.30E-03
0.002276	0.812411	4.30E-03
0.00228	1.14886	4.30E-03
0.002284	1.47918	4.30E-03
0.002288	1.79274	4.30E-03
0.002292	2.09438	4.30E-03
0.002296	2.37862	4.30E-03
0.0023	2.64063	4.30E-03
0.002304	2.88523	4.30E-03
0.002308	3.10018	4.30E-03
0.002312	3.28742	4.30E-03
0.002316	3.45178	4.30E-03
0.00232	3.58971	4.30E-03
0.002324	3.69573	4.30E-03
0.002328	3.77147	4.30E-03
0.002332	3.824	4.30E-03
0.002336	3.84398	4.30E-03
0.00234	3.82625	4.30E-03
0.002344	3.78855	4.30E-03
0.002348	3.71733	4.30E-03
0.002352	3.62419	4.30E-03
0.002356	3.50205	4.30E-03
0.00236	3.3551	4.30E-03
0.002364	3.17946	4.30E-03
0.002368	2.98094	4.30E-03
0.002372	2.75954	4.30E-03
0.002376	2.5172	4.30E-03
0.00238	2.24746	4.30E-03
0.002384	1.96226	4.30E-03
0.002388	1.66158	4.30E-03
0.002392	1.34673	4.30E-03
0.002396	1.02124	4.30E-03
0.0024	0.680283	4.30E-03
0.002404	0.337071	4.30E-03
0.002408	-0.00968572	4.30E-03
0.002412	-0.350319	4.30E-03
0.002416	-0.698042	4.30E-03
0.00242	-1.04093	4.30E-03
0.002424	-1.37061	4.30E-03
0.002428	-1.69126	4.30E-03
0.002432	-1.99805	4.30E-03
0.002436	-2.29035	4.30E-03
0.00244	-2.56202	4.30E-03
0.002444	-2.81789	4.30E-03
0.002448	-3.04122	4.30E-03
0.002452	-3.24522	4.30E-03
0.002456	-3.42697	4.30E-03
0.00246	-3.56748	4.30E-03
0.002464	-3.68736	4.30E-03
0.002468	-3.77534	4.30E-03
0.002472	-3.83818	4.30E-03
0.002476	-3.87267	4.30E-03
0.00248	-3.87331	4.30E-03
0.002484	-3.84334	4.30E-03
0.002488	-3.77985	4.30E-03
0.002492	-3.69574	4.30E-03
0.002496	-3.58456	4.30E-03
0.0025	-3.44567	4.30E-03
0.002504	-3.28453	4.30E-03
0.002508	-3.09569	4.30E-03
0.002512	-2.88331	4.30E-03
0.002516	-2.64387	4.30E-03
0.00252	-2.38832	4.30E-03
0.002524	-2.1102	4.30E-03
0.002528	-1.81436	4.30E-03
0.002532	-1.50306	4.30E-03
0.002536	-1.18112	4.30E-03
0.00254	-0.842094	4.30E-03
0.002544	-0.502105	4.30E-03
0.002548	-0.155994	4.30E-03
0.002552	0.193663	4.30E-03
0.002556	0.534297	4.30E-03
0.00256	0.876864	4.30E-03
0.002564	1.21073	4.30E-03
0.002568	1.53396	4.30E-03
0.002572	1.84914	4.30E-03
0.002576	2.14853	4.30E-03
0.00258	2.42664	4.30E-03
0.002584	2.68574	4.30E-03
0.002588	2.91971	4.30E-03
0.002592	3.1337	4.30E-03
0.002596	3.31997	4.30E-03
0.0026	3.48207	4.30E-03
0.002604	3.61066	4.30E-03
0.002608	3.71153	4.30E-03
0.002612	3.78307	4.30E-03
0.002616	3.82722	4.30E-03
0.00262	3.83914	4.30E-03
0.002624	3.82142	4.30E-03
0.002628	3.7792	4.30E-03
0.002632	3.70476	4.30E-03
0.002636	3.60453	4.30E-03
0.00264	3.47627	4.30E-03
0.002644	3.3248	4.30E-03
0.002648	3.14723	4.30E-03
0.002652	2.94291	4.30E-03
0.002656	2.71733	4.30E-03
0.00266	2.46983	4.30E-03
0.002664	2.19654	4.30E-03
0.002668	1.91198	4.30E-03
0.002672	1.60486	4.30E-03
0.002676	1.28775	4.30E-03
0.00268	0.95872	4.30E-03
0.002684	0.619697	4.30E-03
0.002688	0.274229	4.30E-03
0.002692	-0.0664042	4.30E-03
0.002696	-0.412194	4.30E-03
0.0027	-0.757016	4.30E-03
0.002704	-1.10055	4.30E-03
0.002708	-1.43023	4.30E-03
0.002712	-1.75184	4.30E-03
0.002716	-2.05477	4.30E-03
0.00272	-2.34255	4.30E-03
0.002724	-2.60874	4.30E-03
0.002728	-2.86172	4.30E-03
0.002732	-3.07957	4.30E-03
0.002736	-3.28324	4.30E-03
0.00274	-3.44953	4.30E-03
0.002744	-3.59262	4.30E-03
0.002748	-3.70831	4.30E-03
0.002752	-3.79146	4.30E-03
0.002756	-3.84495	4.30E-03
0.00276	-3.86783	4.30E-03
0.002764	-3.87363	4.30E-03
0.002768	-3.83464	4.30E-03
0.002772	-3.76858	4.30E-03
0.002776	-3.67963	4.30E-03
0.00278	-3.56458	4.30E-03
0.002784	-3.41924	4.30E-03
0.002788	-3.25488	4.30E-03
0.002792	-3.05895	4.30E-03
0.002796	-2.84045	4.30E-03