300.07	0.194369	0.001875701
300.071	0.194289	0.001875701
300.071	0.194368	0.001875701
300.072	0.194306	0.001875701
300.072	0.194296	0.001875701
300.07	0.194328	0.001875701
300.07	0.194448	0.001875701
300.072	0.194369	0.001875701
300.072	0.194365	0.001875701
300.072	0.19437	0.001875701
300.073	0.194321	0.001875701
300.071	0.194398	0.001875701
300.071	0.194415	0.001875701
300.072	0.194257	0.001875701
300.072	0.194387	0.001875701
300.071	0.194408	0.001875701
300.073	0.194348	0.001875701
300.071	0.194481	0.001875701
300.071	0.194396	0.001875701
300.072	0.194384	0.001875701
300.072	0.194334	0.001875701
300.073	0.194349	0.001875701
300.074	0.194392	0.001875701
300.072	0.19434	0.001875701
300.072	0.194332	0.001875701
300.073	0.194226	0.001875701
300.071	0.194352	0.001875701
300.072	0.194425	0.001875701
300.071	0.194365	0.001875701
300.072	0.194296	0.001875701
300.075	0.194198	0.001875702
300.072	0.194406	0.001875701
300.07	0.194439	0.001875701
300.073	0.194401	0.001875701
300.073	0.194334	0.001875701
200.097	0.591799	0.001859935
200.13	0.18903	0.00185994
200.13	0.188999	0.00185994
200.131	0.188947	0.00185994
200.128	0.189076	0.00185994
200.133	0.188847	0.001859941
200.131	0.188915	0.00185994
200.127	0.189192	0.00185994
200.129	0.188986	0.00185994
200.133	0.188897	0.001859941
200.137	0.188737	0.001859941
200.127	0.189066	0.00185994
200.125	0.189098	0.00185994
200.125	0.189121	0.00185994
200.129	0.189023	0.00185994
200.13	0.188998	0.00185994
200.129	0.189094	0.00185994
200.131	0.189018	0.00185994
200.131	0.188876	0.00185994
200.123	0.189198	0.001859939
200.128	0.189142	0.00185994
200.129	0.189034	0.00185994
200.133	0.188813	0.001859941
200.131	0.188899	0.00185994
200.13	0.188981	0.00185994
200.128	0.189033	0.00185994
200.128	0.189063	0.00185994
200.133	0.188855	0.001859941
200.131	0.188913	0.00185994
200.13	0.189055	0.00185994
200.131	0.188814	0.00185994
200.124	0.189182	0.001859939
200.126	0.189	0.00185994
200.125	0.189091	0.00185994
200.132	0.188866	0.001859941
200.131	0.188941	0.00185994
200.129	0.189035	0.00185994
200.129	0.189101	0.00185994
200.13	0.188907	0.00185994
200.131	0.189048	0.00185994
200.128	0.189042	0.00185994
200.129	0.188959	0.00185994
200.128	0.189001	0.00185994
200.133	0.188924	0.001859941
200.127	0.188993	0.00185994
200.124	0.189141	0.001859939
200.131	0.188901	0.00185994
200.127	0.189028	0.00185994
200.132	0.188917	0.001859941
200.127	0.189107	0.00185994
200.127	0.189104	0.00185994
200.128	0.188997	0.00185994
200.128	0.188983	0.00185994
200.131	0.188954	0.00185994
200.128	0.189031	0.00185994
200.134	0.188822	0.001859941
200.129	0.189073	0.00185994
200.133	0.188805	0.001859941
200.129	0.188969	0.00185994
200.133	0.188822	0.001859941
200.133	0.188916	0.001859941
200.131	0.188903	0.00185994
200.128	0.189033	0.00185994
200.126	0.189042	0.00185994
200.129	0.188914	0.00185994
200.13	0.188949	0.00185994
200.132	0.188893	0.001859941
200.126	0.189181	0.00185994
200.13	0.189002	0.00185994
200.122	0.189227	0.001859939
200.133	0.18889	0.001859941
200.129	0.188949	0.00185994
200.128	0.189007	0.00185994
200.128	0.188993	0.00185994
200.134	0.188844	0.001859941
200.132	0.188976	0.001859941
200.129	0.189051	0.00185994
200.124	0.189144	0.001859939
200.131	0.189094	0.00185994
200.13	0.188962	0.00185994
200.13	0.188999	0.00185994
200.126	0.188988	0.00185994
200.126	0.189083	0.00185994
200.134	0.188852	0.001859941
200.129	0.189031	0.00185994
349.997	0.00165326	0.001883574
900.036	0.00203058	0.001970315
900.036	0.00219067	0.001970315
949.957	0.0014902	0.001978187
3699.98	0.000197467	0.002411864
3750.08	0.000762296	0.002419765
3750.09	0.000336903	0.002419766
3800	0.000287314	0.002427637
3850.11	0.00134005	0.002435539
3850.11	0.00140046	0.002435539
3900.03	0.001291	0.002443412
3900.03	0.00984613	0.002443412
3949.95	0.000811439	0.002451284
4000.05	0.000233672	0.002459185
4000.05	0.000476953	0.002459185
4049.97	0.00107585	0.002467057
4049.97	0.000469206	0.002467057
4150	0.000288478	0.002482832
4200.1	0.000821635	0.002490732
4299.94	0.000497651	0.002506477
4350.05	0.000601423	0.002514379
4649.94	0.00788806	0.002561672
6450.01	2.37E-06	0.002845541
6450	0.000617459	0.00284554
6650.06	0.000217768	0.002877089
6800	0.000820502	0.002900735
6900.02	0.000222745	0.002916508
6950.13	0.000486275	0.00292441
7000.05	0.000180492	0.002932282
7000.05	2.87E-05	0.002932282
7100.08	0.00102942	0.002948057
7100.08	0.00152181	0.002948057
7149.99	0.00181604	0.002955928
7149.99	0.00113717	0.002955928
7200.1	0.000100382	0.00296383
7250.02	0.00164398	0.002971702
7250.02	0.00169623	0.002971702
7350.05	0.00164118	0.002987477
7399.96	0.000782569	0.002995348
7399.96	0.00175587	0.002995348
7450.07	0.000329732	0.00300325
7450.07	0.000598934	0.00300325
7499.98	0.000916055	0.003011121
7550.09	0.000748036	0.003019023
7550.09	0.000939758	0.003019023
7600.01	0.000452958	0.003026895
7600.01	0.000548395	0.003026895
7650.12	0.000425402	0.003034798
7700.04	0.000861252	0.00304267
7749.95	0.00229824	0.003050541
7749.95	0.00274817	0.003050541
7800.06	0.00139315	0.003058443
7849.98	0.00239748	0.003066316
7849.98	0.00144193	0.003066316
7900.09	0.00116379	0.003074218
7900.08	0.0011513	0.003074216
7950	0.0022817	0.003082089
8000.11	0.0016834	0.003089991
8050.03	0.00142191	0.003097863
8050.03	0.000980071	0.003097863
8100.13	0.000423569	0.003105764
8150.05	0.00167802	0.003113636
8150.05	0.00250317	0.003113636
8199.97	0.00319203	0.003121509
8199.97	0.00211267	0.003121509
8250.08	0.00231517	0.003129411
8300	0.00283224	0.003137283
8300	0.00279001	0.003137283
8350.1	0.00242372	0.003145184
8350.1	0.00255169	0.003145184
8400.02	0.00173048	0.003153056
8450.13	0.0020214	0.003160959
8450.13	0.00204431	0.003160959
8500.05	0.00178504	0.003168831
8500.05	0.00326334	0.003168831
8549.97	0.00285619	0.003176703
8600.07	0.00314009	0.003184604
8600.07	0.00352634	0.003184604
8649.99	0.00301993	0.003192477
8649.99	0.00327761	0.003192477
8700.1	0.00216218	0.003200379
8750.01	0.00426519	0.00320825
8750.02	0.00275766	0.003208251
8800.12	0.00180728	0.003216152
8800.12	0.00252859	0.003216152
8850.04	0.00283575	0.003224024
8900.15	0.00385181	0.003231927
8900.14	0.00389049	0.003231925
8950.07	0.00284305	0.003239799
8950.06	0.00237404	0.003239797
8999.98	0.00309353	0.00324767
9050.09	0.0026355	0.003255572
9050.09	0.00261076	0.003255572
9100.01	0.00526087	0.003263444
9100.01	0.00411617	0.003263444
9150.11	0.00260331	0.003271345
9200.03	0.00356795	0.003279217
9200.03	0.00486281	0.003279217
9250.14	0.00366612	0.00328712
9250.14	0.00251676	0.00328712
9300.06	0.00255235	0.003294992
9349.98	0.00364666	0.003302864
9349.98	0.00277957	0.003302864
9400.08	0.00374817	0.003310765
9400.08	0.00303572	0.003310765
9450	0.00458741	0.003318637
9500.11	0.00220713	0.00332654
9500.11	0.00358581	0.00332654
9550.03	0.00348509	0.003334412
9550.03	0.00272866	0.003334412
9600.13	0.00270551	0.003342313
9650.05	0.0033048	0.003350185
9650.05	0.0041201	0.003350185
9699.97	0.00327026	0.003358058
9699.97	0.00377211	0.003358058
9750.08	0.00509268	0.00336596
9800	0.00287986	0.003373832
9800	0.00594445	0.003373832
9850.1	0.00496995	0.003381733
9850.1	0.00366099	0.003381733
9900.02	0.00423016	0.003389605
9950.12	0.0041143	0.003397506
9950.12	0.00329941	0.003397506
10000	0.00494875	0.003405372
10000	0.00311562	0.003405372
10050.1	0.00438507	0.003413273
10100.1	0.00376449	0.003421158
10100.1	0.0047703	0.003421158
10150	0.00498023	0.003429027
10150	0.00520867	0.003429027
10200.1	0.00529074	0.003436928
10250	0.00443905	0.003444797
10250	0.00374599	0.003444797
10300.1	0.00350703	0.003452698
10300.1	0.00546765	0.003452698
10350	0.00686292	0.003460567
10400.1	0.00548738	0.003468467
10400.1	0.00526436	0.003468467
10450.1	0.00572557	0.003476352
10500	0.00379689	0.003484222
10550.1	0.00415324	0.003492122
10550.1	0.00455185	0.003492122
10600	0.00662228	0.003499992
10650.1	0.00461028	0.003507892
10700	0.00655851	0.003515761
10700	0.00676808	0.003515761
10750.1	0.00786164	0.003523662
10800.1	0.00676544	0.003531547
10850	0.00517019	0.003539416
10850	0.00754695	0.003539416
10900.1	0.00418296	0.003547317
10950	0.0045508	0.003555186
11000.1	0.00578632	0.003563087
11000.1	0.00553556	0.003563087
11050	0.00543476	0.003570956
11100.1	0.00472837	0.003578857
11150	0.00553792	0.003586726
11150	0.00554821	0.003586726
11200.2	0.00767893	0.003594643
11250.1	0.00709346	0.003602512
11250.1	0.00549763	0.003602512
11300	0.00498243	0.003610381
11300	0.00806993	0.003610381
11350.1	0.00776014	0.003618282
11400	0.00689925	0.003626151
11400	0.00696443	0.003626151
11450.1	0.00539436	0.003634052
11450.1	0.00675732	0.003634052
11500	0.00589339	0.003641921
11550.1	0.00861546	0.003649822
11550.1	0.00792381	0.003649822
11600.1	0.00647925	0.003657706
11600.1	0.00805242	0.003657706
11650	0.00744279	0.003665576
11650	0.006976	0.003665576
11700.1	0.00795614	0.003673476
11750	0.00679286	0.003681346
11750	0.00689823	0.003681346
11800.1	0.00725804	0.003689246
11850	0.00677218	0.003697116
11850	0.00813311	0.003697116
11900.1	0.00871572	0.003705016
11900.1	0.00730856	0.003705016
11950.1	0.0076982	0.003712901
12000.2	0.00740283	0.003720802
12000.2	0.00750012	0.003720802
12050.1	0.00905665	0.003728671
12050.1	0.00670307	0.003728671
12100	0.00707205	0.00373654
12150.1	0.00824692	0.003744441
12150.1	0.00760832	0.003744441
12200	0.00622012	0.00375231
12200	0.00891134	0.00375231
12250.1	0.00855062	0.003760211
12300.1	0.00866934	0.003768096
12300.1	0.00844875	0.003768096
12350.2	0.00709249	0.003775997
12350.2	0.0102293	0.003775997
12400.1	0.00888447	0.003783866
12450	0.00633341	0.003791735
12450	0.00704102	0.003791735
12500.1	0.00705855	0.003799636
12500.1	0.00705244	0.003799636
12550	0.00824576	0.003807505
12600.1	0.00751731	0.003815406
12600.1	0.00715505	0.003815406
12650	0.00707469	0.003823275
12650	0.00642643	0.003823275
12700.2	0.00778002	0.003831191
12750.1	0.0075589	0.003839061
12750.1	0.00715207	0.003839061
12800	0.00814168	0.00384693
12800	0.00834205	0.00384693
12850.1	0.00699656	0.00385483
12900	0.00897016	0.0038627
12900	0.0113995	0.0038627
12950.1	0.00933698	0.0038706
13000	0.00730649	0.00387847
13050.1	0.00793069	0.00388637
13050.1	0.00886707	0.00388637
13100.1	0.007295	0.003894255
13150.2	0.00802232	0.003902156
13150.2	0.00740055	0.003902156
13200.1	0.00917782	0.003910025
13200.1	0.00686506	0.003910025
13250	0.0100026	0.003917894
13300.1	0.00758124	0.003925795
13300.1	0.00959232	0.003925795
13350	0.00826916	0.003933664
13350	0.00906673	0.003933664
13400.1	0.0110429	0.003941565
13450.1	0.0109043	0.00394945
13450.1	0.0109717	0.00394945
13500.2	0.0109015	0.003957351
13500.2	0.00829997	0.003957351
13550.1	0.0111929	0.00396522
13600	0.00959291	0.003973089
13600	0.00755683	0.003973089
13650.1	0.00903807	0.00398099
13650.1	0.0106395	0.00398099
13700	0.00928994	0.003988859
13750.1	0.00812769	0.00399676
13750.1	0.00708041	0.00399676
13800.1	0.00941481	0.004004645
13800.1	0.0114812	0.004004645
13850.2	0.0116857	0.004012545
13900.1	0.0106903	0.004020415
13900.1	0.0105163	0.004020415
13950	0.0100169	0.004028284
13950	0.010642	0.004028284
14000.1	0.00805091	0.004036185
14050	0.0103889	0.004044054
14050	0.0074374	0.004044054
14100.1	0.00950255	0.004051954
14100.1	0.008424	0.004051954
14150	0.0120915	0.004059824
14200.1	0.00783767	0.004067724
14200.1	0.00990209	0.004067724
14250.1	0.00869766	0.004075609
14250.1	0.00868048	0.004075609
14300.2	0.0090374	0.00408351
14350.1	0.00921637	0.004091379
14350.1	0.0117734	0.004091379
14400	0.00801555	0.004099248
14400	0.0127618	0.004099248
14450.1	0.00902602	0.004107149
14500	0.0111414	0.004115018
14500	0.00945311	0.004115018
14550.1	0.0112309	0.004122919
14550.1	0.0107957	0.004122919
14600.1	0.0127325	0.004130804
14650.2	0.00778731	0.004138705
14650.2	0.00971165	0.004138705
14700.1	0.010723	0.004146574
14700.1	0.0119483	0.004146574
14750	0.00833863	0.004154443
14800.1	0.0130579	0.004162344
14800.1	0.00999081	0.004162344
14850	0.0118421	0.004170213
14850	0.0135344	0.004170213
14900.1	0.00890983	0.004178114
14950.1	0.0117239	0.004185999
14950.1	0.0119955	0.004185999
15000.2	0.0116119	0.0041939
15000.2	0.00933694	0.0041939
15050.1	0.00976699	0.004201769
15100.2	0.00878125	0.004209669
15100.2	0.0116265	0.004209669
15150.1	0.0101273	0.004217539
15150.1	0.0119492	0.004217539
15200	0.0136425	0.004225408
15250.1	0.0117255	0.004233309
15250.1	0.0103362	0.004233309
15300	0.0117358	0.004241178
15300	0.0137182	0.004241178
15350.2	0.00975461	0.004249094
15400.1	0.0125935	0.004256963
15400.1	0.0126362	0.004256963
15450.2	0.0136926	0.004264864
15450.2	0.0124124	0.004264864
15500.1	0.0142251	0.004272733
15550	0.0132418	0.004280603
15550	0.0111289	0.004280603
15600.1	0.0124411	0.004288503
15600.1	0.0108113	0.004288503
15650	0.00998438	0.004296372
15700.1	0.0132234	0.004304273
15700.1	0.0148258	0.004304273
15750.1	0.0144121	0.004312158
15750.1	0.012907	0.004312158
15800.2	0.0141906	0.004320059
15850.1	0.0137713	0.004327928
15850.1	0.014353	0.004327928
15900	0.0116722	0.004335797
15900	0.0150878	0.004335797
15950.1	0.0123219	0.004343698
16000	0.0104165	0.004351567
16000	0.0132048	0.004351567
16050.1	0.01125	0.004359468
16050.1	0.0139184	0.004359468
16100.1	0.0129707	0.004367353
16150.2	0.00972116	0.004375254
16150.2	0.0107713	0.004375254
16200.1	0.010658	0.004383123
16200.1	0.0145714	0.004383123
16250.2	0.0111467	0.004391024
16300.1	0.0111734	0.004398893
16300.1	0.0127488	0.004398893
16350	0.0120245	0.004406762
16350	0.01386	0.004406762
16400.1	0.0129585	0.004414663
16450.1	0.0110266	0.004422548
16450.1	0.0142681	0.004422548
16500.2	0.0121714	0.004430448
16500.2	0.0112973	0.004430448
16550.1	0.0129563	0.004438318
16600.2	0.0109649	0.004446218
16600.2	0.0145938	0.004446218
16650.1	0.0146744	0.004454087
16650.1	0.0107916	0.004454087
16700	0.0124727	0.004461957
16750.1	0.0131185	0.004469857
16750.1	0.0135533	0.004469857
16800	0.0136985	0.004477727
16800	0.011538	0.004477727
16850.1	0.0157666	0.004485627
16900.1	0.012961	0.004493512
16900.1	0.0138786	0.004493512
16950.2	0.0145981	0.004501413
16950.2	0.0115922	0.004501413
17000.1	0.0141335	0.004509282
17050	0.0121222	0.004517151
17050	0.0146711	0.004517151
17100.1	0.0123167	0.004525052
17100.1	0.0112247	0.004525052
17150	0.0155654	0.004532921
17200.1	0.012776	0.004540822
17200.1	0.0126862	0.004540822
17250.1	0.0149758	0.004548707
17250.1	0.013097	0.004548707
17300.2	0.0138921	0.004556608
17350.1	0.0157776	0.004564477
17350.1	0.0150133	0.004564477
17400.2	0.0158338	0.004572378
17400.2	0.0136912	0.004572378
17450.1	0.0164257	0.004580247
17500	0.0129668	0.004588116
17500	0.0174223	0.004588116
17550.1	0.0141235	0.004596017
17550.1	0.0128447	0.004596017
17600.1	0.0162075	0.004603902
17650.2	0.0158677	0.004611802
17650.2	0.01667	0.004611802
17700.1	0.016237	0.004619672
17750.2	0.0163623	0.004627572
17800.1	0.0171803	0.004635442
17800.1	0.0146718	0.004635442
17850	0.0125501	0.004643311
17900.1	0.0144931	0.004651211
17900.1	0.0174251	0.004651211
17950	0.0162233	0.004659081
17950	0.0167985	0.004659081
18000.2	0.0172067	0.004666997
18050.1	0.012176	0.004674866
18050.1	0.0142038	0.004674866
18100.2	0.0155087	0.004682767
18100.2	0.0131708	0.004682767
18150.1	0.0152617	0.004690636
18200.2	0.0174824	0.004698537
18200.2	0.0157553	0.004698537
18250.1	0.0173727	0.004706406
18250.1	0.0137673	0.004706406
18300	0.0161998	0.004714275
18350.2	0.012355	0.004722192
18350.1	0.013187	0.004722176
18400.1	0.0148512	0.004730061
18400.1	0.0128069	0.004730061
18450.2	0.0165224	0.004737962
18500.1	0.0147249	0.004745831
18500.1	0.0170551	0.004745831
18550.2	0.0158744	0.004753732
18550.2	0.0143957	0.004753732
18600.1	0.0132608	0.004761601
18650	0.0169341	0.00476947
18650	0.0143735	0.00476947
18700.1	0.0147935	0.004777371
18700.1	0.0172406	0.004777371
18750.1	0.0175232	0.004785256
18800.2	0.018631	0.004793156
18800.2	0.0132321	0.004793156
18850.1	0.0144502	0.004801026
18850.1	0.0186137	0.004801026
18900.2	0.0167615	0.004808926
18950.1	0.0153735	0.004816796
18950.1	0.014992	0.004816796
19000	0.0146665	0.004824665
19000	0.0134926	0.004824665
19050.1	0.0165873	0.004832566
19100.1	0.0182661	0.00484045
19100.1	0.0156288	0.00484045
19150.2	0.0138741	0.004848351
19150.2	0.0135932	0.004848351
19200.1	0.0134195	0.00485622
19250.2	0.0192442	0.004864121
19250.2	0.0187461	0.004864121
19300.1	0.0172303	0.00487199
19300.1	0.0131401	0.00487199
19350.2	0.0188384	0.004879891
19400.1	0.0150004	0.00488776
19400.1	0.0166792	0.00488776
19450	0.015747	0.004895629
19450	0.0169736	0.004895629
19500.2	0.0167362	0.004903546
19550.1	0.0149846	0.004911415
19550.1	0.0187523	0.004911415
19600.2	0.0170272	0.004919316
19600.2	0.0141336	0.004919316
19650.1	0.0168665	0.004927185
19700.2	0.0161384	0.004935086
19700.2	0.0202165	0.004935086
19750.1	0.0145245	0.004942955
19750.1	0.0157409	0.004942955
19800	0.0153993	0.004950824
19850.1	0.017935	0.004958725
19850.1	0.0203713	0.004958725
19900.1	0.0178145	0.00496661
19900.1	0.0141598	0.00496661
19950.2	0.01585	0.004974511
20000.1	0.0152758	0.00498238