300.072	-0.051285	0.05	0.001885272
349.995	-0.0582258	0.05	0.001893176
349.996	-0.049571	0.05	0.001893176
399.911	-0.0656842	0.05	0.001901079
450.019	-0.0666528	0.05	0.001909013
450.018	-0.074467	0.05	0.001909013
499.935	-0.0803672	0.05	0.001916916
499.938	-0.0813986	0.05	0.001916917
550.042	-0.081663	0.05	0.00192485
599.963	-0.0984868	0.05	0.001932754
599.963	-0.0977617	0.05	0.001932754
650.067	-0.104886	0.05	0.001940687
650.067	-0.104969	0.05	0.001940687
699.987	-0.113943	0.05	0.00194859
750.092	-0.120851	0.05	0.001956524
750.094	-0.120839	0.05	0.001956524
800.01	-0.130365	0.05	0.001964427
800.01	-0.130072	0.05	0.001964427
849.931	-0.129663	0.05	0.001972331
900.037	-0.147176	0.05	0.001980264
900.035	-0.147403	0.05	0.001980264
949.956	-0.157138	0.05	0.001988168
949.955	-0.156584	0.05	0.001988168
1000.06	-0.165183	0.05	0.001996101
1049.98	-0.175898	0.05	0.002004005
1049.98	-0.176259	0.05	0.002004005
1100.08	-0.183905	0.05	0.002011937
1100.09	-0.18399	0.05	0.002011939
1150	-0.194334	0.05	0.002019841
1199.92	-0.205337	0.05	0.002027745
1199.92	-0.205243	0.05	0.002027745
1250.03	-0.215101	0.05	0.002035679
1250.03	-0.215402	0.05	0.002035679
1299.95	-0.226852	0.05	0.002043583
1350.05	-0.229101	0.05	0.002051515
1350.05	-0.23646	0.05	0.002051515
1399.97	-0.24917	0.05	0.002059419
1399.97	-0.249735	0.05	0.002059419
1450.08	-0.259741	0.05	0.002067353
1500	-0.273177	0.05	0.002075257
1500	-0.265138	0.05	0.002075257
1549.92	-0.285333	0.05	0.002083161
1549.92	-0.284973	0.05	0.002083161
1600.02	-0.299427	0.05	0.002091093
1649.94	-0.313152	0.05	0.002098997
1649.94	-0.313801	0.05	0.002098997
1700.05	-0.327094	0.05	0.002106931
1700.05	-0.327336	0.05	0.002106931
1749.97	-0.342697	0.05	0.002114835
1800.07	-0.357515	0.05	0.002122767
1800.07	-0.357791	0.05	0.002122767
1849.99	-0.366162	0.05	0.002130671
1849.99	-0.374442	0.05	0.002130671
1900.1	-0.390983	0.05	0.002138605
1950.02	-0.408742	0.05	0.002146509
1950.02	-0.409102	0.05	0.002146509
1999.93	-0.428874	0.05	0.002154411
1999.94	-0.42914	0.05	0.002154413
2050.04	-0.446947	0.05	0.002162345
2099.96	-0.468255	0.05	0.002170249
2099.96	-0.468589	0.05	0.002170249
2150.06	-0.480973	0.05	0.002178182
2150.06	-0.489516	0.05	0.002178182
2199.98	-0.51228	0.05	0.002186085
2250.09	-0.536554	0.05	0.002194019
2250.09	-0.537163	0.05	0.002194019
2300.01	-0.562168	0.05	0.002201923
2300.01	-0.563261	0.05	0.002201923
2349.93	-0.589526	0.05	0.002209827
2400.03	-0.615567	0.05	0.002217759
2400.04	-0.616001	0.05	0.002217761
2449.95	-0.645846	0.05	0.002225663
2449.95	-0.645766	0.05	0.002225663
2500.06	-0.676544	0.05	0.002233597
2549.98	-0.699614	0.05	0.002241501
2549.98	-0.709104	0.05	0.002241501
2600.08	-0.742473	0.05	0.002249433
2600.08	-0.743779	0.05	0.002249433
2650	-0.778446	0.05	0.002257337
2700.11	-0.813778	0.05	0.002265271
2700.11	-0.814543	0.05	0.002265271
2750.03	-0.843183	0.05	0.002273175
2799.95	-0.892121	0.05	0.002281079
2799.95	-0.892717	0.05	0.002281079
2850.05	-0.933352	0.05	0.002289011
2850.05	-0.934198	0.05	0.002289011
2899.97	-0.974577	0.05	0.002296915
2950.08	-1.0176	0.05	0.002304849
2950.08	-1.01857	0.05	0.002304849
3000	-1.0616	0.05	0.002312753
3000	-1.06182	0.05	0.002312753
3050.1	-1.10523	0.05	0.002320685
3100.02	-1.15179	0.05	0.002328589
3100.02	-1.15258	0.05	0.002328589
3149.94	-1.19695	0.05	0.002336493
3200.05	-1.24317	0.05	0.002344427
3249.97	-1.28951	0.05	0.002352331
3249.97	-1.28848	0.05	0.002352331
3300.07	-1.33564	0.05	0.002360263
3349.99	-1.38045	0.05	0.002368167
3349.99	-1.38047	0.05	0.002368167
3400.1	-1.42708	0.05	0.002376101
3400.1	-1.42523	0.05	0.002376101
3450.01	-1.47138	0.05	0.002384003
3499.93	-1.51634	0.05	0.002391907
3499.93	-1.51527	0.05	0.002391907
3550.04	-1.56106	0.05	0.002399841
3550.04	-1.55947	0.05	0.002399841
3599.96	-1.60216	0.05	0.002407745
3650.06	-1.64291	0.05	0.002415678
3650.06	-1.64213	0.05	0.002415678
3699.98	-1.68141	0.05	0.002423581
3699.98	-1.68363	0.05	0.002423581
3750.09	-1.72077	0.05	0.002431515
3800.01	-1.75982	0.05	0.002439419
3800.01	-1.75908	0.05	0.002439419
3850.11	-1.79594	0.05	0.002447352
3900.03	-1.83003	0.05	0.002455255
3900.03	-1.82984	0.05	0.002455255
3949.95	-1.86226	0.05	0.002463159
3949.95	-1.86599	0.05	0.002463159
4000.06	-1.89741	0.05	0.002471093
4049.98	-1.92835	0.05	0.002478997
4049.98	-1.92841	0.05	0.002478997
4100.08	-1.95882	0.05	0.00248693
4100.08	-1.95855	0.05	0.00248693
4150	-1.98794	0.05	0.002494833
4200.11	-2.01481	0.05	0.002502767
4200.11	-2.01584	0.05	0.002502767
4250.02	-2.04145	0.05	0.00251067
4299.94	-2.06617	0.05	0.002518574
4299.94	-2.06585	0.05	0.002518574
4350.05	-2.09062	0.05	0.002526507
4350.05	-2.09255	0.05	0.002526507
4399.97	-2.1153	0.05	0.002534411
4450.07	-2.13809	0.05	0.002542344
4450.07	-2.13693	0.05	0.002542344
4499.99	-2.15828	0.05	0.002550248
4499.99	-2.15815	0.05	0.002550248
4550.1	-2.17822	0.05	0.002558182
4600.02	-2.19944	0.05	0.002566085
4600.02	-2.19985	0.05	0.002566085
4649.94	-2.21789	0.05	0.002573989
4700.04	-2.23627	0.05	0.002581922
4749.96	-2.25438	0.05	0.002589825
4749.96	-2.2554	0.05	0.002589825
4800.07	-2.27002	0.05	0.002597759
4849.99	-2.28759	0.05	0.002605663
4849.99	-2.28765	0.05	0.002605663
4900.09	-2.3013	0.05	0.002613596
4900.09	-2.30196	0.05	0.002613596
4950.01	-2.31741	0.05	0.0026215
5000.12	-2.33129	0.05	0.002629433
5000.12	-2.33238	0.05	0.002629433
5050.04	-2.34488	0.05	0.002637337
5050.04	-2.34408	0.05	0.002637337
5099.95	-2.35761	0.05	0.00264524
5150.06	-2.37087	0.05	0.002653174
5150.06	-2.3705	0.05	0.002653174
5199.98	-2.38326	0.05	0.002661077
5199.98	-2.38339	0.05	0.002661077
5250.08	-2.39452	0.05	0.00266901
5300	-2.40644	0.05	0.002676914
5300	-2.40496	0.05	0.002676914
5350.11	-2.41574	0.05	0.002684848
5400.03	-2.42671	0.05	0.002692752
5400.03	-2.42851	0.05	0.002692752
5449.95	-2.43741	0.05	0.002700655
5449.95	-2.43865	0.05	0.002700655
5500.05	-2.447	0.05	0.002708588
5549.97	-2.45726	0.05	0.002716492
5549.97	-2.4562	0.05	0.002716492
5600.08	-2.46689	0.05	0.002724426
5600.08	-2.46488	0.05	0.002724426
5650	-2.47496	0.05	0.002732329
5700.1	-2.48472	0.05	0.002740262
5700.1	-2.48324	0.05	0.002740262
5750.02	-2.49132	0.05	0.002748166
5750.02	-2.49026	0.05	0.002748166
5800.13	-2.49879	0.05	0.0027561
5850.05	-2.50681	0.05	0.002764004
5850.05	-2.50762	0.05	0.002764004
5899.96	-2.51386	0.05	0.002771906
5899.97	-2.51397	0.05	0.002771907
5950.07	-2.52065	0.05	0.00277984
5999.99	-2.52904	0.05	0.002787744
5999.99	-2.52831	0.05	0.002787744
6050.1	-2.53481	0.05	0.002795678
6050.1	-2.53516	0.05	0.002795678
6100.02	-2.54133	0.05	0.002803581
6150.12	-2.54866	0.05	0.002811514
6150.12	-2.54801	0.05	0.002811514
6200.04	-2.5544	0.05	0.002819418
6200.04	-2.55482	0.05	0.002819418
6249.96	-2.55959	0.05	0.002827322
6300.06	-2.56585	0.05	0.002835254
6300.06	-2.56546	0.05	0.002835254
6349.98	-2.57081	0.05	0.002843158
6349.98	-2.57205	0.05	0.002843158
6400.09	-2.57762	0.05	0.002851092
6450.01	-2.58172	0.05	0.002858996
6450.01	-2.58248	0.05	0.002858996
6500.11	-2.59025	0.05	0.002866928
6500.11	-2.58666	0.05	0.002866928
6550.03	-2.59354	0.05	0.002874832
6599.95	-2.59831	0.05	0.002882736
6599.95	-2.598	0.05	0.002882736
6650.06	-2.60348	0.05	0.00289067
6650.06	-2.60355	0.05	0.00289067
6699.98	-2.60788	0.05	0.002898574
6750.08	-2.61155	0.05	0.002906506
6750.08	-2.61311	0.05	0.002906506
6800	-2.61702	0.05	0.00291441
6800	-2.61689	0.05	0.00291441
6850.11	-2.62092	0.05	0.002922344
6900.03	-2.62415	0.05	0.002930248
6900.03	-2.62425	0.05	0.002930248
6950.13	-2.62863	0.05	0.00293818
6950.13	-2.62989	0.05	0.00293818
7000.05	-2.63344	0.05	0.002946084
7049.97	-2.63692	0.05	0.002953988
7049.97	-2.63667	0.05	0.002953988
7100.07	-2.64162	0.05	0.00296192
7100.08	-2.64167	0.05	0.002961922
7150	-2.64407	0.05	0.002969826
7149.99	-2.64375	0.05	0.002969824
7200.1	-2.64934	0.05	0.002977758
7250.02	-2.65026	0.05	0.002985662
7300.13	-2.65475	0.05	0.002993596
7300.12	-2.65544	0.05	0.002993594
7350.04	-2.65836	0.05	0.003001498
7350.04	-2.65915	0.05	0.003001498
7399.96	-2.66187	0.05	0.003009402
7450.07	-2.66498	0.05	0.003017336
7450.07	-2.66463	0.05	0.003017336
7499.99	-2.66882	0.05	0.00302524
7499.99	-2.66801	0.05	0.00302524
7550.09	-2.66973	0.05	0.003033172
7600.01	-2.67373	0.05	0.003041076
7600.01	-2.6744	0.05	0.003041076
7650.12	-2.67737	0.05	0.00304901
7650.12	-2.67577	0.05	0.00304901
7700.04	-2.68114	0.05	0.003056914
7749.96	-2.68199	0.05	0.003064818
7749.95	-2.68274	0.05	0.003064816
7800.06	-2.68486	0.05	0.00307275
7800.06	-2.68581	0.05	0.00307275
7849.98	-2.68653	0.05	0.003080654
7900.09	-2.68944	0.05	0.003088588
7900.09	-2.69055	0.05	0.003088588
7950.01	-2.69312	0.05	0.003096492
7950	-2.69335	0.05	0.00309649
8000.11	-2.6958	0.05	0.003104424
8050.03	-2.69737	0.05	0.003112328
8050.03	-2.69674	0.05	0.003112328
8100.13	-2.70104	0.05	0.00312026
8100.14	-2.70127	0.05	0.003120262
8150.05	-2.70162	0.05	0.003128164
8199.97	-2.70288	0.05	0.003136068
8199.97	-2.70489	0.05	0.003136068
8250.08	-2.70836	0.05	0.003144002
8250.08	-2.70881	0.05	0.003144002
8300	-2.70855	0.05	0.003151906
8350.11	-2.71021	0.05	0.00315984
8350.11	-2.71141	0.05	0.00315984
8400.02	-2.71395	0.05	0.003167742
8400.02	-2.71389	0.05	0.003167742
8450.13	-2.71634	0.05	0.003175676
8500.05	-2.71829	0.05	0.00318358
8500.05	-2.71569	0.05	0.00318358
8549.97	-2.71998	0.05	0.003191484
8549.97	-2.71903	0.05	0.003191484
8600.07	-2.72155	0.05	0.003199416
8649.99	-2.72373	0.05	0.00320732
8649.99	-2.72254	0.05	0.00320732
8700.1	-2.72516	0.05	0.003215254
8700.1	-2.7255	0.05	0.003215254
8750.02	-2.72807	0.05	0.003223158
8800.12	-2.72733	0.05	0.00323109
8800.12	-2.72915	0.05	0.00323109
8850.04	-2.73085	0.05	0.003238994
8850.04	-2.73001	0.05	0.003238994
8900.15	-2.73373	0.05	0.003246928
8950.07	-2.73202	0.05	0.003254832
8950.07	-2.73375	0.05	0.003254832
8999.99	-2.73675	0.05	0.003262736
8999.98	-2.73643	0.05	0.003262734
9050.09	-2.73696	0.05	0.003270668
9100.01	-2.73971	0.05	0.003278572
9100.01	-2.73752	0.05	0.003278572
9150.12	-2.74098	0.05	0.003286506
9150.12	-2.73912	0.05	0.003286506
9200.03	-2.74244	0.05	0.003294408
9250.14	-2.74235	0.05	0.003302342
9250.14	-2.74417	0.05	0.003302342
9300.06	-2.74412	0.05	0.003310246
9349.98	-2.74765	0.05	0.00331815
9400.08	-2.74802	0.05	0.003326082
9400.08	-2.74857	0.05	0.003326082
9450	-2.74804	0.05	0.003333986
9500.11	-2.75148	0.05	0.00334192
9550.03	-2.75112	0.05	0.003349824
9550.03	-2.75109	0.05	0.003349824
9600.13	-2.75393	0.05	0.003357756
9650.05	-2.75401	0.05	0.00336566
9650.05	-2.75451	0.05	0.00336566
9699.97	-2.75639	0.05	0.003373564
9699.97	-2.7549	0.05	0.003373564
9750.08	-2.75764	0.05	0.003381498
9800	-2.75831	0.05	0.003389402
9799.99	-2.75851	0.05	0.0033894
9850.1	-2.75924	0.05	0.003397334
9850.1	-2.75944	0.05	0.003397334
9900.02	-2.76123	0.05	0.003405238
9950.13	-2.76191	0.05	0.003413172
9950.13	-2.76019	0.05	0.003413172
10000	-2.76483	0.05	0.003421068
10000	-2.76271	0.05	0.003421068
10050.1	-2.76325	0.05	0.003429
10100.1	-2.76363	0.05	0.003436917
10100.1	-2.76562	0.05	0.003436917
10150	-2.76561	0.05	0.003444818
10150	-2.76675	0.05	0.003444818
10200.1	-2.76778	0.05	0.00345275
10250	-2.76756	0.05	0.003460651
10250	-2.76752	0.05	0.003460651
10300.1	-2.76676	0.05	0.003468583
10300.1	-2.77051	0.05	0.003468583
10350	-2.77028	0.05	0.003476484
10400.1	-2.77016	0.05	0.003484416
10400.1	-2.76997	0.05	0.003484416
10450.1	-2.77234	0.05	0.003492333
10450.1	-2.77051	0.05	0.003492333
10500	-2.77428	0.05	0.003500233
10550.1	-2.77207	0.05	0.003508166
10550.1	-2.77483	0.05	0.003508166
10600	-2.77386	0.05	0.003516066
10600	-2.77621	0.05	0.003516066
10650.1	-2.77559	0.05	0.003523999
10700	-2.77731	0.05	0.003531899
10700	-2.77696	0.05	0.003531899
10750.1	-2.77788	0.05	0.003539832
10750.1	-2.77979	0.05	0.003539832
10800.1	-2.77758	0.05	0.003547748
10850	-2.77932	0.05	0.003555649
10850	-2.7806	0.05	0.003555649
10900.1	-2.78044	0.05	0.003563581
10900.1	-2.78041	0.05	0.003563581
10950	-2.78105	0.05	0.003571482
11000.1	-2.78104	0.05	0.003579415
11000.1	-2.78065	0.05	0.003579415
11050	-2.78141	0.05	0.003587315
11050	-2.7814	0.05	0.003587315
11100.1	-2.78453	0.05	0.003595248
11150	-2.78501	0.05	0.003603148
11150.1	-2.78451	0.05	0.003603164
11200.2	-2.78575	0.05	0.003611097
11200.2	-2.78536	0.05	0.003611097
11250.1	-2.7844	0.05	0.003618997
11300	-2.78696	0.05	0.003626898
11300	-2.78634	0.05	0.003626898
11350.1	-2.78501	0.05	0.00363483
11350.1	-2.78521	0.05	0.00363483
11400	-2.78705	0.05	0.003642731
11450.1	-2.78833	0.05	0.003650663
11450.1	-2.78764	0.05	0.003650663
11500	-2.79052	0.05	0.003658564
11500	-2.78979	0.05	0.003658564
11550.1	-2.79179	0.05	0.003666496
11600.1	-2.7875	0.05	0.003674413
11600.1	-2.78898	0.05	0.003674413
11650	-2.79301	0.05	0.003682314
11650	-2.79145	0.05	0.003682314
11700.1	-2.79284	0.05	0.003690246
11750	-2.79085	0.05	0.003698147
11750	-2.793	0.05	0.003698147
11800.1	-2.79116	0.05	0.003706079
11800.1	-2.79391	0.05	0.003706079
11850	-2.79156	0.05	0.00371398
11900.1	-2.79311	0.05	0.003721912
11900.1	-2.79233	0.05	0.003721912
11950.1	-2.7932	0.05	0.003729829
11950.1	-2.7948	0.05	0.003729829
12000.2	-2.79337	0.05	0.003737761
12050.1	-2.79353	0.05	0.003745662
12050.1	-2.79601	0.05	0.003745662
12100	-2.79615	0.05	0.003753562
12100	-2.79772	0.05	0.003753562
12150.1	-2.79876	0.05	0.003761495
12200	-2.79751	0.05	0.003769396
12200	-2.79427	0.05	0.003769396
12250.1	-2.79712	0.05	0.003777328
12250.2	-2.79613	0.05	0.003777344
12300.1	-2.79901	0.05	0.003785244
12350.2	-2.79919	0.05	0.003793177
12350.2	-2.79653	0.05	0.003793177
12400.1	-2.79734	0.05	0.003801078
12400.2	-2.80045	0.05	0.003801093
12450	-2.7996	0.05	0.003808978
12500.1	-2.79759	0.05	0.003816911
12500.1	-2.80056	0.05	0.003816911
12550	-2.79865	0.05	0.003824811
12600.1	-2.79926	0.05	0.003832744
12650	-2.80209	0.05	0.003840644
12650	-2.80065	0.05	0.003840644
12700.2	-2.80198	0.05	0.003848593
12750.1	-2.80114	0.05	0.003856493
12750.1	-2.80078	0.05	0.003856493
12800	-2.80092	0.05	0.003864394
12800	-2.80425	0.05	0.003864394
12850.1	-2.80199	0.05	0.003872326
12900	-2.80366	0.05	0.003880227
12900	-2.80379	0.05	0.003880227
12950.1	-2.80096	0.05	0.003888159
12950.1	-2.80346	0.05	0.003888159
13000	-2.80479	0.05	0.00389606
13050.1	-2.80454	0.05	0.003903992
13050.1	-2.8019	0.05	0.003903992
13100.1	-2.80539	0.05	0.003911909
13100.1	-2.80611	0.05	0.003911909
13150.2	-2.80502	0.05	0.003919841
13200.1	-2.80332	0.05	0.003927742
13200.1	-2.80328	0.05	0.003927742
13250	-2.80434	0.05	0.003935643
13250	-2.80583	0.05	0.003935643
13300.1	-2.80481	0.05	0.003943575
13350	-2.80567	0.05	0.003951476
13350	-2.80375	0.05	0.003951476
13400.1	-2.80446	0.05	0.003959408
13400.1	-2.8058	0.05	0.003959408
13450.1	-2.80534	0.05	0.003967325
13500.2	-2.80469	0.05	0.003975257
13500.2	-2.80797	0.05	0.003975257
13550.1	-2.80771	0.05	0.003983158
13550.1	-2.80746	0.05	0.003983158
13600	-2.8072	0.05	0.003991059
13650.1	-2.80813	0.05	0.003998991
13650.1	-2.80714	0.05	0.003998991
13700	-2.80674	0.05	0.004006892
13700	-2.80684	0.05	0.004006892
13750.1	-2.80843	0.05	0.004014824
13800.1	-2.8065	0.05	0.00402274
13800	-2.80862	0.05	0.004022725
13850.2	-2.80992	0.05	0.004030673
13850.2	-2.80864	0.05	0.004030673
13900.1	-2.80816	0.05	0.004038574
13950	-2.80974	0.05	0.004046474
13950	-2.80916	0.05	0.004046474
14000.1	-2.80866	0.05	0.004054407
14000.1	-2.80661	0.05	0.004054407
14050	-2.80806	0.05	0.004062307
14100.1	-2.81074	0.05	0.00407024
14100.1	-2.80972	0.05	0.00407024
14150	-2.80871	0.05	0.00407814
14150	-2.81064	0.05	0.00407814
14200.1	-2.80777	0.05	0.004086073
14250.1	-2.80903	0.05	0.004093989
14250.1	-2.80909	0.05	0.004093989
14300.2	-2.81165	0.05	0.004101922
14300.2	-2.81071	0.05	0.004101922
14350.1	-2.81228	0.05	0.004109822
14400	-2.80878	0.05	0.004117723
14400	-2.80898	0.05	0.004117723
14450.1	-2.81264	0.05	0.004125655
14450.1	-2.81249	0.05	0.004125655
14500	-2.81224	0.05	0.004133556
14550.1	-2.81229	0.05	0.004141489
14550.1	-2.81215	0.05	0.004141489
14600.1	-2.81309	0.05	0.004149405
14600.1	-2.81306	0.05	0.004149405
14650.2	-2.81178	0.05	0.004157337
14700.1	-2.8113	0.05	0.004165238
14700.1	-2.81085	0.05	0.004165238
14750	-2.81147	0.05	0.004173139
14750	-2.81293	0.05	0.004173139
14800.1	-2.81299	0.05	0.004181071
14850	-2.81027	0.05	0.004188972
14850	-2.81343	0.05	0.004188972
14900.1	-2.81439	0.05	0.004196904
14950.1	-2.8129	0.05	0.004204821
15000.2	-2.81459	0.05	0.004212753
15000.2	-2.81408	0.05	0.004212753
15050.1	-2.81341	0.05	0.004220654
15100.2	-2.81139	0.05	0.004228586
15100.2	-2.81279	0.05	0.004228586
15150.1	-2.81316	0.05	0.004236487
15150.1	-2.81493	0.05	0.004236487
15200	-2.81085	0.05	0.004244388
15250.1	-2.81186	0.05	0.00425232
15250.1	-2.81207	0.05	0.00425232
15300	-2.8122	0.05	0.004260221
15300	-2.81297	0.05	0.004260221
15350.2	-2.81595	0.05	0.004268169
15400.1	-2.81376	0.05	0.00427607
15400.1	-2.81208	0.05	0.00427607
15450.2	-2.81291	0.05	0.004284002
15450.2	-2.81591	0.05	0.004284002
15500.1	-2.81339	0.05	0.004291903
15550	-2.81192	0.05	0.004299803
15550	-2.81159	0.05	0.004299803
15600.1	-2.81551	0.05	0.004307736
15600.1	-2.8131	0.05	0.004307736
15650	-2.81421	0.05	0.004315636
15700.1	-2.81609	0.05	0.004323569
15700.1	-2.81367	0.05	0.004323569
15750.1	-2.81517	0.05	0.004331485
15750.1	-2.81278	0.05	0.004331485
15800.2	-2.81659	0.05	0.004339418
15850.1	-2.81484	0.05	0.004347318
15850.1	-2.81392	0.05	0.004347318
15900	-2.81466	0.05	0.004355219
15900	-2.81291	0.05	0.004355219
15950.1	-2.81421	0.05	0.004363151
16000	-2.81436	0.05	0.004371052
16000	-2.81219	0.05	0.004371052
16050.1	-2.81442	0.05	0.004378985
16050.1	-2.81304	0.05	0.004378985
16100.1	-2.81187	0.05	0.004386901
16150.2	-2.81651	0.05	0.004394833
16150.2	-2.81371	0.05	0.004394833
16200.1	-2.81391	0.05	0.004402734
16200.1	-2.813	0.05	0.004402734
16250.2	-2.81564	0.05	0.004410667
16300.1	-2.81693	0.05	0.004418567
16300.1	-2.81314	0.05	0.004418567
16350	-2.81297	0.05	0.004426468
16350	-2.8119	0.05	0.004426468
16400.1	-2.81226	0.05	0.0044344
16450.1	-2.81459	0.05	0.004442317
16450.1	-2.81599	0.05	0.004442317
16500.2	-2.81529	0.05	0.004450249
16500.2	-2.81681	0.05	0.004450249
16550.1	-2.81446	0.05	0.00445815
16600.2	-2.81583	0.05	0.004466082
16600.2	-2.81635	0.05	0.004466082
16650.1	-2.81542	0.05	0.004473983
16650.1	-2.81671	0.05	0.004473983
16700	-2.81451	0.05	0.004481884
16750.1	-2.81562	0.05	0.004489816
16750.1	-2.81375	0.05	0.004489816
16800	-2.81535	0.05	0.004497717
16800	-2.81692	0.05	0.004497717
16850.1	-2.81499	0.05	0.004505649
16900.1	-2.81424	0.05	0.004513566
16900.1	-2.81406	0.05	0.004513566
16950.2	-2.81339	0.05	0.004521498
16950.2	-2.81703	0.05	0.004521498
17000.1	-2.81466	0.05	0.004529399
17050	-2.81603	0.05	0.004537299
17050	-2.81411	0.05	0.004537299
17100.1	-2.81607	0.05	0.004545232
17100.1	-2.81717	0.05	0.004545232
17150	-2.81665	0.05	0.004553133
17200.1	-2.81572	0.05	0.004561065
17200.1	-2.81568	0.05	0.004561065
17250.1	-2.81709	0.05	0.004568981
17250.1	-2.81685	0.05	0.004568981
17300.2	-2.81597	0.05	0.004576914
17350.1	-2.81149	0.05	0.004584814
17350.1	-2.81318	0.05	0.004584814
17400.2	-2.8137	0.05	0.004592747
17400.2	-2.81298	0.05	0.004592747
17450.1	-2.81207	0.05	0.004600648
17500	-2.81429	0.05	0.004608548
17500	-2.81229	0.05	0.004608548
17550.1	-2.81667	0.05	0.004616481
17550.1	-2.81253	0.05	0.004616481
17600.1	-2.81239	0.05	0.004624397
17650.2	-2.81594	0.05	0.00463233
17650.2	-2.81383	0.05	0.00463233
17700.1	-2.81607	0.05	0.00464023
17700.1	-2.81332	0.05	0.00464023
17750.2	-2.8161	0.05	0.004648163
17800.1	-2.81612	0.05	0.004656063
17800.1	-2.8133	0.05	0.004656063
17850	-2.81267	0.05	0.004663964
17900.1	-2.81201	0.05	0.004671896
17950	-2.81536	0.05	0.004679797
17950.1	-2.81496	0.05	0.004679813
18000.2	-2.81466	0.05	0.004687745
18050.1	-2.81497	0.05	0.004695646
18050.1	-2.81137	0.05	0.004695646
18100.2	-2.81201	0.05	0.004703578
18100.2	-2.81521	0.05	0.004703578
18150.1	-2.81507	0.05	0.004711479
18200.2	-2.81495	0.05	0.004719411
18200.2	-2.81515	0.05	0.004719411
18250.1	-2.81558	0.05	0.004727312
18250.1	-2.8125	0.05	0.004727312
18300	-2.81086	0.05	0.004735213
18350.2	-2.81606	0.05	0.004743161
18350.1	-2.8121	0.05	0.004743145
18400.1	-2.81207	0.05	0.004751062
18400.1	-2.81647	0.05	0.004751062
18450.2	-2.81189	0.05	0.004758994
18500.1	-2.8136	0.05	0.004766895
18500.1	-2.8127	0.05	0.004766895
18550.2	-2.81315	0.05	0.004774827
18550.2	-2.81348	0.05	0.004774827
18600.1	-2.81486	0.05	0.004782728
18650	-2.81608	0.05	0.004790629
18650	-2.81107	0.05	0.004790629
18700.1	-2.80975	0.05	0.004798561
18700.1	-2.8104	0.05	0.004798561
18750.1	-2.8155	0.05	0.004806477
18800.2	-2.81278	0.05	0.00481441
18800.2	-2.81451	0.05	0.00481441
18850.1	-2.81023	0.05	0.004822311
18850.1	-2.81224	0.05	0.004822311
18900.2	-2.81003	0.05	0.004830243
18950.1	-2.81441	0.05	0.004838144
18950.1	-2.80945	0.05	0.004838144
19000	-2.81003	0.05	0.004846044
19000	-2.8102	0.05	0.004846044
19050.1	-2.81351	0.05	0.004853977
19100.1	-2.81259	0.05	0.004861893
19100.1	-2.80989	0.05	0.004861893
19150.2	-2.81428	0.05	0.004869826
19150.2	-2.80941	0.05	0.004869826
19200.1	-2.81304	0.05	0.004877726
19250.2	-2.81223	0.05	0.004885659
19250.2	-2.80948	0.05	0.004885659
19300.1	-2.81389	0.05	0.004893559
19300.1	-2.8142	0.05	0.004893559
19350.2	-2.81241	0.05	0.004901492
19400.1	-2.80812	0.05	0.004909392
19400.1	-2.81356	0.05	0.004909392
19450	-2.80971	0.05	0.004917293
19450	-2.81051	0.05	0.004917293
19500.2	-2.81325	0.05	0.004925241
19550.1	-2.81414	0.05	0.004933142
19550.1	-2.80925	0.05	0.004933142
19600.2	-2.80971	0.05	0.004941074
19600.2	-2.80998	0.05	0.004941074
19650.1	-2.81073	0.05	0.004948975
19700.2	-2.80961	0.05	0.004956907
19700.2	-2.809	0.05	0.004956907
19750.1	-2.8099	0.05	0.004964808
19750.1	-2.81153	0.05	0.004964808
19800	-2.80871	0.05	0.004972709
19850.2	-2.80986	0.05	0.004980657
19850.1	-2.80997	0.05	0.004980641
19900.1	-2.81038	0.05	0.004988558
19900.1	-2.8104	0.05	0.004988558
19950.2	-2.81124	0.05	0.00499649
20000.1	-2.8107	0.05	0.005004391