99.783	3.05299
350.142	3.03692
399.58	3.04932
400.052	3.04206
449.762	3.0389
450.026	3.04159
500.077	3.02632
550.114	3.02053
550.071	3.02113
599.944	3.01535
599.887	3.02427
650.1	3.00586
699.985	2.99953
699.98	2.99908
750.106	2.99098
750.098	2.992
799.982	2.98327
849.867	2.98313
849.856	2.9849
900.007	2.96769
900.016	2.967
949.905	2.95822
1000.05	2.94809
1000.1	2.94699
1049.98	2.93754
1049.98	2.9375
1100.09	2.92926
1149.97	2.91944
1149.98	2.91897
1199.92	2.90772
1199.93	2.90794
1250.03	2.89673
1299.95	2.89405
1299.93	2.88686
1350.08	2.87589
1350.06	2.87531
1399.96	2.86358
1450.09	2.85166
1450.08	2.85187
1500	2.83891
1499.99	2.83883
1549.93	2.82598
1600.03	2.81176
1600.02	2.8123
1649.95	2.7967
1649.96	2.79568
1700.05	2.78229
1749.96	2.76705
1749.97	2.76615
1800.07	2.75178
1800.07	2.75118
1849.99	2.73411
1900.1	2.71708
1900.1	2.71632
1950.01	2.69871
1950.01	2.69763
1999.94	2.67753
2050.05	2.65842
2050.05	2.65823
2099.96	2.63607
2099.97	2.63537
2150.07	2.61512
2199.98	2.59083
2199.99	2.58979
2250.08	2.56551
2300.01	2.43741
2300.01	2.53835
2349.93	2.51187
2349.93	2.5108
2400.03	2.48365
2449.95	2.45404
2449.95	2.45292
2500.06	2.42202
2500.06	2.42883
2549.98	2.39741
2600.08	2.36297
2600.08	2.35191
2650	2.31699
2650	2.3157
2700.11	2.27977
2750.03	2.24041
2750.03	2.24951
2799.95	2.2007
2799.95	2.19974
2850.05	2.15883
2899.97	2.11624
2899.97	2.12526
2950.08	2.07201
2950.08	2.07359
3000	2.03911
3050.1	1.9842
3050.1	1.98425
3100.02	1.93696
3100.02	1.93659
3149.94	1.89228
3200.05	1.84644
3200.05	1.84622
3249.96	1.79987
3249.97	1.80015
3300.07	1.75337
3349.99	1.70958
3349.99	1.70829
3400.1	1.66305
3400.1	1.67301
3450.02	1.61857
3499.94	1.5752
3499.94	1.57482
3550.04	1.5313
3550.04	1.53071
3599.96	1.48945
3650.06	1.44929
3650.07	1.44894
3699.99	1.41094
3699.98	1.41053
3750.09	1.37268
3800.01	1.33513
3800.01	1.33786
3850.12	1.29913
3850.12	1.29998
3900.03	1.26604
3949.95	1.23416
3949.95	1.23324
4000.06	1.21129
4000.06	1.20077
4049.98	1.1709
4100.08	1.14164
4100.08	1.14183
4150	1.1135
4150	1.11427
4200.11	1.08808
4250.03	1.06204
4250.03	1.06109
4250.02	1.063
4299.95	1.03739
4299.95	1.04779
4350.05	1.01331
4350.05	1.01466
4399.97	0.993357
4450.08	0.970701
4450.07	0.97042
4499.99	0.950621
4500	0.950189
4550.1	0.9309
4600.02	0.910387
4600.02	0.911302
4649.94	0.893711
4649.94	0.895331
4700.04	0.875915
4749.96	0.860849
4749.96	0.859959
4800.07	0.845078
4800.07	0.84464
4849.99	0.83
4900.09	0.814478
4900.09	0.815826
4950.01	0.802513
4950.01	0.802656
5000.12	0.788076
5050.03	0.776288
5050.03	0.776724
5099.95	0.764463
5099.95	0.764698
5150.06	0.752382
5199.98	0.742143
5199.98	0.74223
5250.09	0.731402
5250.09	0.731008
5300.01	0.720752
5350.11	0.710618
5350.11	0.711559
5400.03	0.702329
5400.03	0.701652
5449.95	0.693046
5500.05	0.684681
5500.05	0.683191
5549.97	0.675687
5549.97	0.677092
5600.08	0.666678
5649.99	0.660976
5650	0.660085
5700.1	0.65242
5700.1	0.650964
5750.02	0.644885
5800.13	0.638169
5800.13	0.636994
5850.05	0.631629
5850.05	0.631804
5899.96	0.623928
5950.07	0.619058
5950.07	0.619203
5999.99	0.611822
5999.99	0.612625
6050.1	0.607373
6100.01	0.602167
6100.01	0.600648
6150.12	0.5963
6150.12	0.595264
6200.04	0.589419
6249.96	0.586136
6249.96	0.585285
6300.06	0.581847
6300.06	0.580853
6349.98	0.576063
6400.09	0.571513
6400.09	0.572182
6450.01	0.565889
6450.01	0.567073
6500.11	0.563085
6550.03	0.556281
6550.03	0.557704
6599.95	0.553475
6599.95	0.554351
6650.06	0.547856
6699.98	0.546334
6699.98	0.54597
6750.08	0.541814
6750.08	0.542263
6800	0.538024
6850.11	0.536405
6850.11	0.535215
6900.03	0.532078
6900.03	0.531034
6950.13	0.529805
7000.05	0.525877
7000.05	0.526651
7049.97	0.521994
7049.97	0.523633
7100.08	0.519937
7150	0.516997
7149.99	0.515703
7200.1	0.513981
7200.1	0.513983
7250.02	0.510836
7300.13	0.510053
7300.13	0.509393
7350.04	0.506104
7350.04	0.507133
7399.97	0.50272
7450.07	0.50056
7450.07	0.500441
7499.99	0.497121
7499.99	0.498224
7550.09	0.49514
7600.01	0.492714
7600.01	0.495144
7650.12	0.492078
7650.12	0.490242
7700.04	0.489155
7749.96	0.486318
7749.96	0.488737
7800.06	0.485242
7800.06	0.484929
7849.98	0.483648
7900.09	0.481691
7900.09	0.482462
7950.01	0.480955
7950.01	0.479329
8000.11	0.478941
8050.03	0.475922
8050.03	0.474967
8100.14	0.474878
8100.14	0.474719
8150.06	0.472616
8199.97	0.47236
8199.97	0.471188
8250.08	0.469152
8250.08	0.471245
8300	0.468172
8350.11	0.467424
8350.1	0.466392
8400.02	0.465048
8400.02	0.463744
8450.13	0.463577
8500.05	0.463633
8500.05	0.462512
8549.97	0.462172
8549.97	0.460616
8600.07	0.461226
8649.99	0.458864
8649.99	0.45989
8700.1	0.458741
8700.1	0.459319
8750.02	0.456024
8800.12	0.455643
8800.12	0.456642
8850.04	0.454109
8850.04	0.45519
8900.15	0.454684
8950.07	0.452795
8950.07	0.45372
8999.99	0.452505
8999.99	0.45071
9050.09	0.45047
9100.01	0.449594
9100.01	0.450532
9150.12	0.448717
9150.12	0.449806
9200.04	0.446856
9250.14	0.447489
9250.14	0.448394
9300.06	0.445959
9300.06	0.446094
9349.98	0.445677
9400.08	0.445428
9400.08	0.445608
9450.01	0.444624
9484.45	-0.191077
9500.11	0.444758
9550.03	0.443946
9550.03	0.443965
9600.13	0.441945
9650.05	0.440851
9650.05	0.442428
9699.97	0.439609
9699.97	0.441764
9750.08	0.441075
9800	0.441095
9800	0.439562
9850.1	0.438844
9850.1	0.440118
9900.02	0.439567
9950.13	0.437241
9950.13	0.436491
10000	0.439113
10000	0.437782
10050.2	0.436924
10100.1	0.436907
10100.1	0.438287
10150	0.435114
10150	0.437316
10200.1	0.436843
10250	0.435529
10250	0.436301
10300.1	0.435588
10300.1	0.433501
10350	0.434483
10400.1	0.43567
10400.1	0.432762
10450.1	0.434459
10450.1	0.433736
10500	0.434759
10550.1	0.433198
10550.1	0.432525
10600	0.434661
10600	0.431438
10650.1	0.432997
10700	0.431712
10700	0.433338
10750.1	0.43282
10750.1	0.433881
10800.1	0.433059
10850	0.432816
10850	0.432758
10900.1	0.431847
10900.1	0.43226
10950	0.431822
11000.1	0.431077
11000.1	0.432459
11050	0.430814
11050	0.431301
11100.1	0.432153
11150.1	0.432055
11150	0.430907
11200.2	0.4309
11200.2	0.430041
11250.1	0.430692
11300	0.432654
11300	0.429906
11350.1	0.430536
11350.1	0.431775
11400	0.431208
11450.1	0.432064
11450.1	0.431718
11500	0.43216
11500	0.429113
11550.1	0.429334
11600.1	0.432834
11600.1	0.429875
11650	0.430736
11650	0.429852
11700.1	0.432515
11750	0.431482
11750	0.431369
11800.1	0.432515
11800.1	0.429509
11850	0.430853
11900.1	0.43051
11900.1	0.431032
11950.1	0.431401
11950.1	0.429339
12000.2	0.430832
12050.1	0.432187
12050.1	0.431852
12100	0.430042
12100	0.431405
12150.1	0.430636
12200	0.429909
12200	0.429314
12250.1	0.430955
12250.1	0.431379
12300.1	0.431027
12350.2	0.432315
12350.2	0.431672
12400.1	0.433786
12400.1	0.430865
12450	0.431484
12500.1	0.433097
12500.1	0.433229
12550	0.43281
12550	0.431473
12600.1	0.43517
12650	0.43342
12650	0.432108
12700.2	0.431931
12700.2	0.431449
12750.1	0.433315
12800	0.432632
12800	0.43346
12850.1	0.434796
12850.1	0.432503
12900	0.434942
12950.1	0.434157
12950.1	0.434395
13000	0.434903
13050.1	0.433938
13050.1	0.434967
13100.1	0.4337
13100.1	0.435737
13150.2	0.433683
13200.1	0.436383
13200.1	0.436458
13250	0.434115
13250	0.435942
13300.1	0.43681
13350	0.43582
13350	0.434281
13400.1	0.437907
13400.1	0.438452
13450.1	0.437056
13500.2	0.437489
13500.2	0.434923
13550.1	0.436441
13550.1	0.435842
13600	0.438262
13650.1	0.435714
13650.1	0.440138
13700	0.437444
13700	0.437831
13750.1	0.436923
13800.1	0.438012
13800.1	0.436786
13850.2	0.440022
13850.2	0.440328
13900.1	0.439091
13950	0.440882
13950	0.439898
14000.1	0.440902
14000.1	0.437751
14050	0.442438
14100.1	0.437743
14100.1	0.438659
14150	0.440388
14150	0.440047
14200.2	0.439114
14250.1	0.439771
14250.1	0.442707
14300.2	0.442554
14300.2	0.443315
14350.1	0.443871
14400	0.441539
14400	0.443047
14450.1	0.443996
14450.1	0.441515
14500	0.444641
14550.1	0.443388
14550.1	0.443992
14600.1	0.4447
14600.1	0.443153
14650.2	0.44253
14700.1	0.444939
14700.1	0.444359
14750	0.448074
14750	0.443433
14800.1	0.445062
14850	0.44529
14850	0.447018
14900.1	0.446264
14900.1	0.448458
14950.1	0.449285
15000.2	0.450415
15000.2	0.450523
15050.1	0.446519
15050.1	0.447601
15100.2	0.449757
15150.1	0.450768
15150.1	0.447881
15200	0.451133
15200	0.449325
15250.1	0.449806
15300	0.453016
15300.1	0.449925
15350.2	0.451523
15350.2	0.453891
15400.1	0.454148
15450.2	0.450786
15450.2	0.450284
15500.1	0.452361
15500.1	0.452259
15550	0.452007
15600.1	0.451569
15600.1	0.452989
15650	0.454907
15650	0.451886
15700.1	0.456735
15750.1	0.453542
15750.1	0.456298
15800.2	0.454509
15800.2	0.456144
15850.1	0.45879
15900	0.458599
15900	0.459076
15950.1	0.454647
15950.1	0.459366
16000	0.455932
16050.1	0.456786
16050.1	0.456733
16100.1	0.460721
16100.1	0.459026
16150.2	0.460532
16200.1	0.457108
16200.1	0.460335
16250.2	0.459271
16250.2	0.460805
16300.1	0.46006
16350	0.464636
16350	0.459662
16400.1	0.461994
16400.1	0.461937
16450.1	0.465153
16500.2	0.462304
16500.2	0.464562
16550.1	0.465651
16550.1	0.463928
16600.2	0.463641
16650.1	0.462604
16650.1	0.464776
16700	0.464167
16700	0.464631
16750.1	0.467096
16800	0.466474
16800	0.466606
16850.2	0.467793
16850.2	0.4677
16900.1	0.467776
16950.2	0.466383
16950.2	0.469878
17000.1	0.466808
17001.2	0.446026
17050	0.470281
17100.1	0.472086
17100.1	0.469859
17150	0.470905
17150	0.471064
17200.1	0.47027
17250.1	0.471707
17250.1	0.472773
17300.2	0.472711
17312.1	0.222963
17350.1	0.471333
17400.2	0.47543
17400.2	0.47114
17450.1	0.471198
17480.7	-0.112509
17500	0.475895
17550.1	0.474827
17550.1	0.476083
17600.1	0.475721
17650.2	0.474546
17650.2	0.473707
17700.1	0.478946
17700.1	0.479339
17750.2	0.480469
17800.1	0.479435
17800.1	0.478957
17850	0.479045
17850	0.477739
17900.1	0.481859
17950.1	0.479705
17950.1	0.481216
18000.2	0.483224
18000.2	0.480054
18050.1	0.480842
18100.2	0.483448
18100.2	0.480374
18150.1	0.484435
18150.1	0.481966
18200.2	0.482945
18250.1	0.482432
18250.1	0.482123
18300	0.483442
18300	0.485945
18350.2	0.48562
18400.1	0.487534
18400.1	0.487094
18450.2	0.489426
18450.2	0.484161
18500.1	0.489421
18550.2	0.488393
18550.2	0.491768
18600.1	0.487974
18600.1	0.486826
18650	0.489219
18700.1	0.491091
18700.1	0.488055
18750.1	0.488976
18750.1	0.491889
18800.2	0.492936
18850.1	0.493366
18850.1	0.492775
18900.2	0.490725
18900.2	0.492233
18950.1	0.495107
19000	0.491389
19000	0.493376
19050.1	0.493699
19050.1	0.497661
19100.1	0.495341
19150.2	0.496537
19150.2	0.494
19200.1	0.499094
19200.1	0.497299
19250.2	0.500141
19300.1	0.498185
19300.1	0.497563
19350.2	0.498679
19350.2	0.500646
19400.1	0.499219
19450	0.498343
19450	0.501541
19500.2	0.499362
19500.2	0.501648
19550.1	0.503514
19600.2	0.501291
19600.2	0.501642
19650.1	0.499869
19650.1	0.502868
19700.2	0.506205
19750.1	0.505371
19750.1	0.506517
19800	0.502968
19800	0.506533
19850.1	0.506614
19900.1	0.505861
19900.1	0.504742
19950.2	0.504028
19950.2	0.504149