300.081	0.229183	4.00E-03	0.000394935
300.077	0.2293	4.00E-03	0.000394935
349.986	0.267667	4.00E-03	0.000396595
349.985	0.267649	4.00E-03	0.000396595
399.924	0.30624	4.00E-03	0.000398257
450.016	0.345092	4.00E-03	0.000399924
450.016	0.34507	4.00E-03	0.000399924
499.937	0.384048	4.00E-03	0.000401586
499.939	0.384055	4.00E-03	0.000401586
550.04	0.423404	4.00E-03	0.000403253
599.959	0.462949	4.00E-03	0.000404915
599.96	0.462958	4.00E-03	0.000404915
650.062	0.502965	4.00E-03	0.000406582
650.073	0.503018	4.00E-03	0.000406582
699.99	0.54324	4.00E-03	0.000408244
750.093	0.584022	4.00E-03	0.000409911
750.087	0.584011	4.00E-03	0.000409911
800.011	0.625085	4.00E-03	0.000411572
800.01	0.625079	4.00E-03	0.000411572
849.929	0.666587	4.00E-03	0.000413234
900.036	0.708794	4.00E-03	0.000414901
900.032	0.708796	4.00E-03	0.000414901
949.957	0.751347	4.00E-03	0.000416562
949.954	0.751381	4.00E-03	0.000416562
1000.06	0.794695	4.00E-03	0.00041823
1049.98	0.838489	4.00E-03	0.000419891
1049.98	0.838493	4.00E-03	0.000419891
1100.08	0.883115	4.00E-03	0.000421559
1100.08	0.883134	4.00E-03	0.000421559
1150	0.928266	4.00E-03	0.00042322
1199.93	0.974093	4.00E-03	0.000424882
1199.92	0.974129	4.00E-03	0.000424881
1250.03	1.02091	4.00E-03	0.000426549
1266.88	1.02951	4.00E-03	0.00042711
1299.95	1.0684	4.00E-03	0.00042821
1350.05	1.1168	4.00E-03	0.000429878
1350.05	1.11688	4.00E-03	0.000429878
1399.97	1.16601	4.00E-03	0.000431539
1448.87	1.21431	4.00E-03	0.000433166
1450.08	1.21642	4.00E-03	0.000433207
1500	1.26741	4.00E-03	0.000434868
1500	1.26748	4.00E-03	0.000434868
1549.92	1.31948	4.00E-03	0.000436529
1570.74	1.33272	4.00E-03	0.000437222
1600.02	1.37281	4.00E-03	0.000438197
1649.94	1.42691	4.00E-03	0.000439858
1649.94	1.42702	4.00E-03	0.000439858
1700.04	1.48234	4.00E-03	0.000441525
1700.05	1.48248	4.00E-03	0.000441525
1749.96	1.53875	4.00E-03	0.000443186
1800.07	1.59627	4.00E-03	0.000444854
1800.07	1.59647	4.00E-03	0.000444854
1849.99	1.65477	4.00E-03	0.000446515
1900.1	1.71453	4.00E-03	0.000448183
1900.1	1.71475	4.00E-03	0.000448183
1950.01	1.77535	4.00E-03	0.000449844
1950.02	1.7755	4.00E-03	0.000449844
1999.94	1.83705	4.00E-03	0.000451506
2050.04	1.9	4.00E-03	0.000453173
2050.04	1.90024	4.00E-03	0.000453173
2099.96	1.96368	4.00E-03	0.000454834
2099.96	1.96389	4.00E-03	0.000454834
2150.06	2.02845	4.00E-03	0.000456502
2199.98	2.0936	4.00E-03	0.000458163
2199.98	2.09385	4.00E-03	0.000458163
2250.09	2.15965	4.00E-03	0.000459831
2250.09	2.15988	4.00E-03	0.000459831
2300.01	2.22586	4.00E-03	0.000461492
2349.93	2.29227	4.00E-03	0.000463153
2349.93	2.29236	4.00E-03	0.000463153
2400.03	2.35887	4.00E-03	0.000464821
2400.03	2.35909	4.00E-03	0.000464821
2449.95	2.4249	4.00E-03	0.000466482
2500.06	2.49046	4.00E-03	0.00046815
2500.06	2.49063	4.00E-03	0.00046815
2549.98	2.55501	4.00E-03	0.000469811
2549.98	2.55514	4.00E-03	0.000469811
2600.08	2.61859	4.00E-03	0.000471478
2650	2.6803	4.00E-03	0.00047314
2650	2.68044	4.00E-03	0.00047314
2700.11	2.74032	4.00E-03	0.000474807
2700.11	2.74026	4.00E-03	0.000474807
2750.03	2.79777	4.00E-03	0.000476469
2799.95	2.85236	4.00E-03	0.00047813
2799.95	2.8522	4.00E-03	0.00047813
2850.05	2.90427	4.00E-03	0.000479797
2850.05	2.90411	4.00E-03	0.000479797
2899.97	2.95264	4.00E-03	0.000481459
2950.08	2.99739	4.00E-03	0.000483126
2950.08	2.99711	4.00E-03	0.000483126
2999.99	3.03829	4.00E-03	0.000484787
3000	3.03792	4.00E-03	0.000484788
3050.1	3.07519	4.00E-03	0.000486455
3100.02	3.10769	4.00E-03	0.000488116
3100.02	3.10724	4.00E-03	0.000488116
3149.94	3.13581	4.00E-03	0.000489778
3149.94	3.1353	4.00E-03	0.000489778
3200.05	3.1597	4.00E-03	0.000491445
3249.96	3.17929	4.00E-03	0.000493106
3249.97	3.17867	4.00E-03	0.000493107
3300.07	3.1945	4.00E-03	0.000494774
3300.07	3.19389	4.00E-03	0.000494774
3349.99	3.20514	4.00E-03	0.000496435
3400.09	3.21221	4.00E-03	0.000498103
3400.1	3.21189	4.00E-03	0.000498103
3450.01	3.21514	4.00E-03	0.000499764
3450.02	3.21501	4.00E-03	0.000499764
3499.93	3.21436	4.00E-03	0.000501425
3550.04	3.21041	4.00E-03	0.000503093
3550.04	3.21049	4.00E-03	0.000503093
3599.96	3.20325	4.00E-03	0.000504754
3599.96	3.20333	4.00E-03	0.000504754
3650.06	3.19319	4.00E-03	0.000506422
3699.98	3.18012	4.00E-03	0.000508083
3699.98	3.18047	4.00E-03	0.000508083
3750.09	3.16465	4.00E-03	0.000509751
3750.09	3.1652	4.00E-03	0.000509751
3800.01	3.14758	4.00E-03	0.000511412
3850.11	3.12733	4.00E-03	0.000513079
3850.11	3.12792	4.00E-03	0.000513079
3900.03	3.10586	4.00E-03	0.000514741
3900.03	3.10655	4.00E-03	0.000514741
3949.95	3.08343	4.00E-03	0.000516402
4000.06	3.05825	4.00E-03	0.00051807
4000.06	3.05905	4.00E-03	0.00051807
4049.98	3.03259	4.00E-03	0.000519731
4049.98	3.03356	4.00E-03	0.000519731
4100.08	3.00667	4.00E-03	0.000521398
4150	2.97828	4.00E-03	0.00052306
4150	2.97926	4.00E-03	0.00052306
4200.11	2.95008	4.00E-03	0.000524727
4200.11	2.95103	4.00E-03	0.000524727
4250.02	2.92216	4.00E-03	0.000526388
4299.94	2.89202	4.00E-03	0.00052805
4299.94	2.89315	4.00E-03	0.00052805
4350.05	2.86256	4.00E-03	0.000529717
4350.05	2.86371	4.00E-03	0.000529717
4399.97	2.83377	4.00E-03	0.000531379
4450.07	2.80279	4.00E-03	0.000533046
4450.07	2.80402	4.00E-03	0.000533046
4499.99	2.77305	4.00E-03	0.000534707
4499.99	2.77421	4.00E-03	0.000534707
4550.1	2.74401	4.00E-03	0.000536375
4600.02	2.71318	4.00E-03	0.000538036
4600.02	2.71445	4.00E-03	0.000538036
4649.94	2.68371	4.00E-03	0.000539698
4649.94	2.68493	4.00E-03	0.000539698
4700.04	2.65507	4.00E-03	0.000541365
4749.96	2.62488	4.00E-03	0.000543026
4749.96	2.62598	4.00E-03	0.000543026
4800.07	2.59585	4.00E-03	0.000544694
4800.07	2.59697	4.00E-03	0.000544694
4849.98	2.56804	4.00E-03	0.000546355
4900.09	2.53853	4.00E-03	0.000548023
4900.09	2.53965	4.00E-03	0.000548023
4950.01	2.51046	4.00E-03	0.000549684
4950.01	2.51147	4.00E-03	0.000549684
5000.12	2.4835	4.00E-03	0.000551351
5050.04	2.45519	4.00E-03	0.000553013
5050.03	2.45621	4.00E-03	0.000553012
5099.95	2.42839	4.00E-03	0.000554674
5099.95	2.42925	4.00E-03	0.000554674
5150.06	2.40238	4.00E-03	0.000556341
5199.98	2.37539	4.00E-03	0.000558003
5199.98	2.37621	4.00E-03	0.000558003
5250.08	2.34945	4.00E-03	0.00055967
5282.64	2.32146	4.00E-03	0.000560754
5300	2.32455	4.00E-03	0.000561331
5350.11	2.29873	4.00E-03	0.000562999
5350.11	2.29959	4.00E-03	0.000562999
5400.03	2.2742	4.00E-03	0.00056466
5433.44	2.24597	4.00E-03	0.000565772
5449.95	2.25046	4.00E-03	0.000566322
5500.05	2.22581	4.00E-03	0.000567989
5500.05	2.22672	4.00E-03	0.000567989
5549.97	2.20251	4.00E-03	0.00056965
5585.45	2.17245	4.00E-03	0.000570831
5600.07	2.17999	4.00E-03	0.000571318
5650	2.15672	4.00E-03	0.000572979
5650	2.15744	4.00E-03	0.000572979
5700.1	2.13432	4.00E-03	0.000574647
5750.02	2.11222	4.00E-03	0.000576308
5750.02	2.11307	4.00E-03	0.000576308
5800.12	2.09082	4.00E-03	0.000577975
5800.13	2.09158	4.00E-03	0.000577976
5850.05	2.06986	4.00E-03	0.000579637
5899.97	2.04881	4.00E-03	0.000581298
5899.96	2.04963	4.00E-03	0.000581298
5950.07	2.02857	4.00E-03	0.000582966
5950.07	2.02918	4.00E-03	0.000582966
5999.99	2.00857	4.00E-03	0.000584627
6050.09	1.98869	4.00E-03	0.000586294
6050.09	1.98926	4.00E-03	0.000586294
6100.01	1.96944	4.00E-03	0.000587956
6100.01	1.97	4.00E-03	0.000587956
6150.12	1.95047	4.00E-03	0.000589623
6200.04	1.93159	4.00E-03	0.000591285
6200.04	1.93219	4.00E-03	0.000591285
6249.96	1.91337	4.00E-03	0.000592946
6249.96	1.91391	4.00E-03	0.000592946
6300.06	1.89536	4.00E-03	0.000594613
6349.98	1.87757	4.00E-03	0.000596275
6349.98	1.87806	4.00E-03	0.000596275
6400.09	1.86024	4.00E-03	0.000597942
6400.09	1.86066	4.00E-03	0.000597942
6450.01	1.84322	4.00E-03	0.000599604
6500.11	1.82623	4.00E-03	0.000601271
6500.11	1.82674	4.00E-03	0.000601271
6550.03	1.80993	4.00E-03	0.000602932
6550.03	1.81031	4.00E-03	0.000602932
6599.95	1.79366	4.00E-03	0.000604594
6650.05	1.77757	4.00E-03	0.000606261
6650.06	1.77808	4.00E-03	0.000606261
6699.98	1.76207	4.00E-03	0.000607923
6699.98	1.76251	4.00E-03	0.000607923
6750.08	1.74673	4.00E-03	0.00060959
6800	1.73137	4.00E-03	0.000611251
6800	1.73182	4.00E-03	0.000611251
6850.11	1.71659	4.00E-03	0.000612919
6850.11	1.71697	4.00E-03	0.000612919
6900.02	1.70203	4.00E-03	0.00061458
6950.13	1.68746	4.00E-03	0.000616248
6950.13	1.68789	4.00E-03	0.000616248
7000.05	1.67346	4.00E-03	0.000617909
7000.05	1.67387	4.00E-03	0.000617909
7049.97	1.65961	4.00E-03	0.00061957
7100.07	1.64583	4.00E-03	0.000621238
7100.07	1.64613	4.00E-03	0.000621238
7149.99	1.63235	4.00E-03	0.000622899
7150	1.63279	4.00E-03	0.000622899
7200.1	1.61916	4.00E-03	0.000624567
7250.02	1.60606	4.00E-03	0.000626228
7250.02	1.60637	4.00E-03	0.000626228
7300.12	1.59327	4.00E-03	0.000627895
7300.12	1.59358	4.00E-03	0.000627895
7350.04	1.58063	4.00E-03	0.000629557
7399.96	1.56822	4.00E-03	0.000631218
7399.96	1.56847	4.00E-03	0.000631218
7450.07	1.55604	4.00E-03	0.000632886
7450.07	1.55636	4.00E-03	0.000632886
7499.99	1.5442	4.00E-03	0.000634547
7550.09	1.53212	4.00E-03	0.000636214
7550.09	1.53243	4.00E-03	0.000636214
7600.01	1.52051	4.00E-03	0.000637876
7600.01	1.52086	4.00E-03	0.000637876
7650.12	1.5091	4.00E-03	0.000639543
7700.04	1.49776	4.00E-03	0.000641205
7700.04	1.49794	4.00E-03	0.000641205
7749.95	1.48668	4.00E-03	0.000642866
7749.96	1.48699	4.00E-03	0.000642866
7800.06	1.47573	4.00E-03	0.000644533
7849.98	1.46492	4.00E-03	0.000646195
7849.98	1.46514	4.00E-03	0.000646195
7900.09	1.45431	4.00E-03	0.000647862
7900.09	1.45456	4.00E-03	0.000647862
7950	1.4439	4.00E-03	0.000649523
8000.11	1.43347	4.00E-03	0.000651191
8000.11	1.43369	4.00E-03	0.000651191
8050.03	1.42338	4.00E-03	0.000652852
8050.03	1.42361	4.00E-03	0.000652852
8100.13	1.41337	4.00E-03	0.00065452
8150.06	1.40345	4.00E-03	0.000656181
8150.05	1.40364	4.00E-03	0.000656181
8199.97	1.39381	4.00E-03	0.000657842
8199.97	1.39397	4.00E-03	0.000657842
8250.08	1.38427	4.00E-03	0.00065951
8300	1.37474	4.00E-03	0.000661171
8300	1.37496	4.00E-03	0.000661171
8350.1	1.36543	4.00E-03	0.000662838
8350.1	1.36564	4.00E-03	0.000662838
8400.02	1.35639	4.00E-03	0.0006645
8450.13	1.34714	4.00E-03	0.000666167
8450.13	1.34727	4.00E-03	0.000666167
8500.05	1.33818	4.00E-03	0.000667829
8500.05	1.33841	4.00E-03	0.000667829
8549.97	1.32957	4.00E-03	0.00066949
8600.07	1.32068	4.00E-03	0.000671157
8600.07	1.32093	4.00E-03	0.000671157
8649.99	1.31215	4.00E-03	0.000672819
8649.99	1.31232	4.00E-03	0.000672819
8700.09	1.3038	4.00E-03	0.000674486
8750.02	1.29534	4.00E-03	0.000676148
8750.02	1.29558	4.00E-03	0.000676148
8800.12	1.28707	4.00E-03	0.000677815
8800.12	1.28724	4.00E-03	0.000677815
8850.04	1.2791	4.00E-03	0.000679476
8900.14	1.27085	4.00E-03	0.000681144
8900.15	1.2711	4.00E-03	0.000681144
8950.07	1.26298	4.00E-03	0.000682805
8950.06	1.26318	4.00E-03	0.000682805
8999.98	1.2553	4.00E-03	0.000684466
9050.09	1.24745	4.00E-03	0.000686134
9050.09	1.24764	4.00E-03	0.000686134
9100.01	1.23985	4.00E-03	0.000687795
9100.01	1.24004	4.00E-03	0.000687795
9150.11	1.23246	4.00E-03	0.000689463
9200.03	1.22493	4.00E-03	0.000691124
9200.03	1.22506	4.00E-03	0.000691124
9250.14	1.21759	4.00E-03	0.000692792
9250.14	1.21777	4.00E-03	0.000692792
9300.06	1.21044	4.00E-03	0.000694453
9349.98	1.20316	4.00E-03	0.000696114
9349.97	1.20332	4.00E-03	0.000696114
9400.08	1.19617	4.00E-03	0.000697782
9400.08	1.19629	4.00E-03	0.000697782
9450	1.1893	4.00E-03	0.000699443
9500.11	1.18227	4.00E-03	0.000701111
9500.11	1.1824	4.00E-03	0.000701111
9550.03	1.17546	4.00E-03	0.000702772
9550.18	1.17549	4.00E-03	0.000702777
9600.13	1.16884	4.00E-03	0.000704439
9650.05	1.16214	4.00E-03	0.000706101
9650.05	1.1622	4.00E-03	0.000706101
9699.97	1.15557	4.00E-03	0.000707762
9700.88	1.15578	4.00E-03	0.000707792
9750.08	1.14906	4.00E-03	0.00070943
9799.99	1.14258	4.00E-03	0.000711091
9800	1.14272	4.00E-03	0.000711091
9850.1	1.13626	4.00E-03	0.000712758
9855.57	1.13426	4.00E-03	0.00071294
9900.02	1.13004	4.00E-03	0.00071442
9950.12	1.12373	4.00E-03	0.000716087
9950.13	1.12388	4.00E-03	0.000716087
10000	1.11764	4.00E-03	0.000717747
10024.2	1.10674	4.00E-03	0.000718552
10050.2	1.11158	4.00E-03	0.000719418
10100.1	1.10558	4.00E-03	0.000721078
10100.1	1.10567	4.00E-03	0.000721078
10150	1.09966	4.00E-03	0.000722739
10161.9	1.092	4.00E-03	0.000723135
10200.1	1.09387	4.00E-03	0.000724406
10250	1.08803	4.00E-03	0.000726067
10250	1.0881	4.00E-03	0.000726067
10300.1	1.08224	4.00E-03	0.000727734
10350	1.07657	4.00E-03	0.000729395
10350	1.07667	4.00E-03	0.000729395
10400.1	1.07094	4.00E-03	0.000731062
10400.1	1.07105	4.00E-03	0.000731062
10450.1	1.06546	4.00E-03	0.000732726
10500	1.0599	4.00E-03	0.000734387
10500	1.06002	4.00E-03	0.000734387
10550.1	1.05455	4.00E-03	0.000736054
10550.1	1.05463	4.00E-03	0.000736054
10600	1.04917	4.00E-03	0.000737715
10650.1	1.04379	4.00E-03	0.000739382
10650.1	1.04395	4.00E-03	0.000739382
10700	1.03857	4.00E-03	0.000741043
10700	1.03867	4.00E-03	0.000741043
10750.1	1.03337	4.00E-03	0.00074271
10800.1	1.02821	4.00E-03	0.000744374
10800.1	1.02832	4.00E-03	0.000744374
10850	1.02314	4.00E-03	0.000746035
10850	1.02325	4.00E-03	0.000746035
10900.1	1.01811	4.00E-03	0.000747702
10950	1.01309	4.00E-03	0.000749363
10950	1.01321	4.00E-03	0.000749363
11000.1	1.00817	4.00E-03	0.00075103
11000.1	1.00825	4.00E-03	0.00075103
11050	1.00328	4.00E-03	0.000752691
11100.1	0.998458	4.00E-03	0.000754358
11100.1	0.998503	4.00E-03	0.000754358
11150	0.993642	4.00E-03	0.000756019
11150	0.99376	4.00E-03	0.000756019
11200.2	0.988947	4.00E-03	0.00075769
11250.1	0.984138	4.00E-03	0.00075935
11250.1	0.984249	4.00E-03	0.00075935
11300	0.979525	4.00E-03	0.000761011
11300	0.979633	4.00E-03	0.000761011
11350.1	0.974949	4.00E-03	0.000762678
11400	0.970356	4.00E-03	0.000764339
11400	0.970452	4.00E-03	0.000764339
11450.1	0.96586	4.00E-03	0.000766006
11450.1	0.965952	4.00E-03	0.000766006
11500	0.961405	4.00E-03	0.000767667
11550.1	0.956964	4.00E-03	0.000769334
11550.1	0.957035	4.00E-03	0.000769334
11600.1	0.952622	4.00E-03	0.000770998
11600.1	0.952676	4.00E-03	0.000770998
11650	0.948306	4.00E-03	0.000772659
11700.1	0.94393	4.00E-03	0.000774326
11700.1	0.944066	4.00E-03	0.000774326
11750	0.939701	4.00E-03	0.000775987
11750	0.93978	4.00E-03	0.000775987
11800.1	0.935456	4.00E-03	0.000777654
11850	0.931245	4.00E-03	0.000779315
11850	0.931317	4.00E-03	0.000779315
11900.1	0.927119	4.00E-03	0.000780982
11900.1	0.927194	4.00E-03	0.000780982
11950.1	0.923007	4.00E-03	0.000782646
12000.2	0.918959	4.00E-03	0.000784313
12000.2	0.919069	4.00E-03	0.000784313
12050.1	0.914946	4.00E-03	0.000785974
12050.1	0.914992	4.00E-03	0.000785974
12100	0.91098	4.00E-03	0.000787635
12150.1	0.906943	4.00E-03	0.000789302
12150.1	0.907039	4.00E-03	0.000789302
12200	0.903065	4.00E-03	0.000790963
12200	0.903123	4.00E-03	0.000790963
12250.1	0.899165	4.00E-03	0.00079263
12300.1	0.895327	4.00E-03	0.000794294
12300.1	0.89538	4.00E-03	0.000794294
12350.2	0.891546	4.00E-03	0.000795961
12350.2	0.891552	4.00E-03	0.000795961
12400.1	0.887722	4.00E-03	0.000797622
12450	0.883973	4.00E-03	0.000799283
12450	0.884019	4.00E-03	0.000799283
12500.1	0.880272	4.00E-03	0.00080095
12500.1	0.880306	4.00E-03	0.00080095
12550	0.876613	4.00E-03	0.000802611
12600.1	0.872921	4.00E-03	0.000804278
12600.1	0.873005	4.00E-03	0.000804278
12650	0.869265	4.00E-03	0.000805939
12650	0.869368	4.00E-03	0.000805939
12700.2	0.865705	4.00E-03	0.000807609
12750.1	0.862132	4.00E-03	0.00080927
12750.1	0.862232	4.00E-03	0.00080927
12800	0.858616	4.00E-03	0.000810931
12800	0.858668	4.00E-03	0.000810931
12850.1	0.855147	4.00E-03	0.000812598
12900	0.85163	4.00E-03	0.000814259
12900	0.851704	4.00E-03	0.000814259
12950.1	0.848221	4.00E-03	0.000815926
12950.1	0.848273	4.00E-03	0.000815926
13000	0.844862	4.00E-03	0.000817587
13050.1	0.841345	4.00E-03	0.000819254
13050.1	0.84147	4.00E-03	0.000819254
13100.1	0.838023	4.00E-03	0.000820918
13100.1	0.838081	4.00E-03	0.000820918
13150.2	0.834755	4.00E-03	0.000822585
13200.1	0.83139	4.00E-03	0.000824246
13200.1	0.831454	4.00E-03	0.000824246
13250	0.828113	4.00E-03	0.000825907
13250	0.828203	4.00E-03	0.000825907
13300.1	0.824918	4.00E-03	0.000827574
13350	0.82163	4.00E-03	0.000829235
13350	0.821719	4.00E-03	0.000829235
13400.1	0.818445	4.00E-03	0.000830902
13400.1	0.818517	4.00E-03	0.000830902
13450.1	0.815301	4.00E-03	0.000832566
13500.2	0.812125	4.00E-03	0.000834233
13500.2	0.812164	4.00E-03	0.000834233
13550.1	0.80902	4.00E-03	0.000835894
13550.1	0.809095	4.00E-03	0.000835894
13600	0.805947	4.00E-03	0.000837555
13650.1	0.802811	4.00E-03	0.000839222
13650.1	0.802929	4.00E-03	0.000839222
13700	0.799826	4.00E-03	0.000840883
13700	0.799864	4.00E-03	0.000840883
13750.1	0.796778	4.00E-03	0.00084255
13800.1	0.793795	4.00E-03	0.000844214
13800	0.793833	4.00E-03	0.000844211
13850.2	0.790789	4.00E-03	0.000845881
13850.2	0.790866	4.00E-03	0.000845881
13900.1	0.787884	4.00E-03	0.000847542
13950	0.784949	4.00E-03	0.000849203
13950	0.784959	4.00E-03	0.000849203
14000.1	0.782012	4.00E-03	0.00085087
14000.1	0.782091	4.00E-03	0.00085087
14050	0.779157	4.00E-03	0.000852531
14100.1	0.776283	4.00E-03	0.000854198
14100.1	0.776291	4.00E-03	0.000854198
14150	0.773403	4.00E-03	0.000855859
14162.1	0.768299	4.00E-03	0.000856261
14200.1	0.770638	4.00E-03	0.000857526
14250.1	0.767754	4.00E-03	0.00085919
14250.1	0.76785	4.00E-03	0.00085919
14300.2	0.765028	4.00E-03	0.000860857
14350.1	0.762162	4.00E-03	0.000862518
14350.1	0.76228	4.00E-03	0.000862518
14400	0.759504	4.00E-03	0.000864179
14400	0.759539	4.00E-03	0.000864179
14450.1	0.756797	4.00E-03	0.000865846
14500	0.754078	4.00E-03	0.000867507
14500	0.754153	4.00E-03	0.000867507
14550.1	0.751412	4.00E-03	0.000869174
14550.1	0.751484	4.00E-03	0.000869174
14600.1	0.748774	4.00E-03	0.000870838
14650.2	0.74613	4.00E-03	0.000872505
14650.2	0.746183	4.00E-03	0.000872505
14700.1	0.743496	4.00E-03	0.000874166
14700.1	0.743535	4.00E-03	0.000874166
14750	0.740928	4.00E-03	0.000875827
14800.1	0.738284	4.00E-03	0.000877494
14800.1	0.738328	4.00E-03	0.000877494
14850	0.735775	4.00E-03	0.000879155
14850	0.735769	4.00E-03	0.000879155
14900.1	0.733172	4.00E-03	0.000880822
14950.1	0.730639	4.00E-03	0.000882486
14950.1	0.730724	4.00E-03	0.000882486
15000.2	0.728113	4.00E-03	0.000884153
15000.2	0.728161	4.00E-03	0.000884153
15050.1	0.725663	4.00E-03	0.000885814
15100.2	0.723156	4.00E-03	0.000887481
15100.2	0.723225	4.00E-03	0.000887481
15150.1	0.720713	4.00E-03	0.000889142
15150.1	0.720776	4.00E-03	0.000889142
15200	0.718301	4.00E-03	0.000890802
15250.1	0.71582	4.00E-03	0.00089247
15250.1	0.715918	4.00E-03	0.00089247
15300	0.713442	4.00E-03	0.00089413
15300.1	0.713482	4.00E-03	0.000894134
15350.1	0.711028	4.00E-03	0.000895798
15400.1	0.708625	4.00E-03	0.000897462
15400.1	0.708677	4.00E-03	0.000897462
15450.2	0.706298	4.00E-03	0.000899129
15450.2	0.706354	4.00E-03	0.000899129
15500.1	0.704005	4.00E-03	0.00090079
15550	0.701613	4.00E-03	0.00090245
15550	0.701662	4.00E-03	0.00090245
15600.1	0.699333	4.00E-03	0.000904118
15600.1	0.699388	4.00E-03	0.000904118
15650	0.697064	4.00E-03	0.000905778
15700.1	0.694742	4.00E-03	0.000907446
15700.1	0.694823	4.00E-03	0.000907446
15750.1	0.692483	4.00E-03	0.00090911
15750.1	0.692493	4.00E-03	0.00090911
15800.2	0.690242	4.00E-03	0.000910777
15850.1	0.687971	4.00E-03	0.000912438
15850.1	0.688016	4.00E-03	0.000912438
15900	0.685756	4.00E-03	0.000914098
15900	0.68582	4.00E-03	0.000914098
15950.1	0.683603	4.00E-03	0.000915766
16000	0.681419	4.00E-03	0.000917426
16000	0.681433	4.00E-03	0.000917426
16050.1	0.679212	4.00E-03	0.000919094
16050.1	0.679262	4.00E-03	0.000919094
16100.1	0.677048	4.00E-03	0.000920758
16150.2	0.674907	4.00E-03	0.000922425
16150.2	0.674957	4.00E-03	0.000922425
16200.1	0.672789	4.00E-03	0.000924086
16200.1	0.672816	4.00E-03	0.000924086
16250.2	0.67065	4.00E-03	0.000925753
16300.1	0.668506	4.00E-03	0.000927414
16300.1	0.668549	4.00E-03	0.000927414
16350	0.666424	4.00E-03	0.000929074
16350	0.666474	4.00E-03	0.000929074
16400.1	0.664341	4.00E-03	0.000930742
16450.1	0.662287	4.00E-03	0.000932406
16450	0.662316	4.00E-03	0.000932402
16500.2	0.660224	4.00E-03	0.000934073
16500.2	0.660289	4.00E-03	0.000934073
16550.1	0.658199	4.00E-03	0.000935734
16600.2	0.656178	4.00E-03	0.000937401
16600.2	0.656183	4.00E-03	0.000937401
16650.1	0.654136	4.00E-03	0.000939062
16650.1	0.654174	4.00E-03	0.000939062
16700	0.652159	4.00E-03	0.000940722
16750.1	0.650116	4.00E-03	0.00094239
16750.1	0.650166	4.00E-03	0.00094239
16800	0.648155	4.00E-03	0.00094405
16800	0.648207	4.00E-03	0.00094405
16850.2	0.646196	4.00E-03	0.000945721
16900.1	0.644224	4.00E-03	0.000947382
16900.1	0.644269	4.00E-03	0.000947382
16950.2	0.642315	4.00E-03	0.000949049
16950.2	0.6423	4.00E-03	0.000949049
17000.1	0.640395	4.00E-03	0.00095071
17050	0.638444	4.00E-03	0.00095237
17050	0.638453	4.00E-03	0.00095237
17100.1	0.636515	4.00E-03	0.000954038
17100.1	0.636566	4.00E-03	0.000954038
17150	0.634628	4.00E-03	0.000955698
17200.1	0.632706	4.00E-03	0.000957366
17200.1	0.632756	4.00E-03	0.000957366
17250.1	0.630851	4.00E-03	0.00095903
17250.1	0.630863	4.00E-03	0.00095903
17300.2	0.629001	4.00E-03	0.000960697
17350.1	0.627153	4.00E-03	0.000962358
17350.1	0.62717	4.00E-03	0.000962358
17400.2	0.625297	4.00E-03	0.000964025
17400.2	0.625341	4.00E-03	0.000964025
17450.1	0.623492	4.00E-03	0.000965686
17500	0.621665	4.00E-03	0.000967346
17500	0.6217	4.00E-03	0.000967346
17550.1	0.61983	4.00E-03	0.000969014
17550.1	0.619874	4.00E-03	0.000969014
17600.1	0.618031	4.00E-03	0.000970678
17650.2	0.616254	4.00E-03	0.000972345
17650.2	0.616321	4.00E-03	0.000972345
17700.1	0.614526	4.00E-03	0.000974006
17700.1	0.61456	4.00E-03	0.000974006
17750.2	0.612703	4.00E-03	0.000975673
17800.1	0.610948	4.00E-03	0.000977334
17800.1	0.610992	4.00E-03	0.000977334
17850	0.609219	4.00E-03	0.000978994
17850	0.609271	4.00E-03	0.000978994
17900.1	0.607528	4.00E-03	0.000980662
17950	0.605756	4.00E-03	0.000982322
17950	0.6058	4.00E-03	0.000982322
18000.2	0.604023	4.00E-03	0.000983993
18000.2	0.604042	4.00E-03	0.000983993
18050.1	0.602333	4.00E-03	0.000985654
18100.2	0.600579	4.00E-03	0.000987321
18100.2	0.600647	4.00E-03	0.000987321
18150.1	0.598961	4.00E-03	0.000988982
18150.1	0.599017	4.00E-03	0.000988982
18200.2	0.597283	4.00E-03	0.000990649
18250.1	0.595643	4.00E-03	0.00099231
18250.1	0.59562	4.00E-03	0.00099231
18300	0.593988	4.00E-03	0.00099397
18300	0.593999	4.00E-03	0.00099397
18350.1	0.592306	4.00E-03	0.000995637
18400.1	0.590665	4.00E-03	0.000997301
18400.1	0.590677	4.00E-03	0.000997301
18450.2	0.589009	4.00E-03	0.000998969
18450.2	0.589082	4.00E-03	0.000998969
18500.1	0.587443	4.00E-03	0.001000629
18550.2	0.585775	4.00E-03	0.001002297
18550.2	0.585798	4.00E-03	0.001002297
18600.1	0.584143	4.00E-03	0.001003957
18600.1	0.584193	4.00E-03	0.001003957
18650	0.582617	4.00E-03	0.001005618
18700.1	0.58103	4.00E-03	0.001007285
18700.1	0.581072	4.00E-03	0.001007285
18750.1	0.57943	4.00E-03	0.001008949
18773.4	0.574478	4.00E-03	0.001009725
18800.2	0.577868	4.00E-03	0.001010617
18850.1	0.576306	4.00E-03	0.001012277
18850.1	0.576326	4.00E-03	0.001012277
18900.2	0.574751	4.00E-03	0.001013945
18950.1	0.57321	4.00E-03	0.001015605
18950.1	0.573193	4.00E-03	0.001015605
19000	0.571679	4.00E-03	0.001017266
19000	0.571725	4.00E-03	0.001017266
19050.1	0.570122	4.00E-03	0.001018933
19100.1	0.568623	4.00E-03	0.001020597
19100.1	0.56865	4.00E-03	0.001020597
19150.2	0.56711	4.00E-03	0.001022265
19150.2	0.567116	4.00E-03	0.001022265
19200.1	0.565564	4.00E-03	0.001023925
19250.2	0.564056	4.00E-03	0.001025593
19250.2	0.564116	4.00E-03	0.001025593
19300.1	0.562581	4.00E-03	0.001027253
19300.1	0.562613	4.00E-03	0.001027253
19350.2	0.561112	4.00E-03	0.001028921
19400.1	0.559675	4.00E-03	0.001030581
19400.1	0.559686	4.00E-03	0.001030581
19450	0.558193	4.00E-03	0.001032242
19450	0.558205	4.00E-03	0.001032242
19500.2	0.556715	4.00E-03	0.001033913
19550.1	0.555244	4.00E-03	0.001035573
19550.1	0.555267	4.00E-03	0.001035573
19600.2	0.553842	4.00E-03	0.001037241
19600.2	0.553846	4.00E-03	0.001037241
19650.1	0.552379	4.00E-03	0.001038901
19700.2	0.550956	4.00E-03	0.001040569
19700.2	0.550958	4.00E-03	0.001040569
19750.1	0.549498	4.00E-03	0.001042229
19750.1	0.549552	4.00E-03	0.001042229
19800	0.548157	4.00E-03	0.00104389
19850.1	0.546688	4.00E-03	0.001045557
19850.1	0.546691	4.00E-03	0.001045557
19900.1	0.545297	4.00E-03	0.001047221
19900.1	0.545322	4.00E-03	0.001047221
19950.2	0.543908	4.00E-03	0.001048889