300.071	4.99642	4.00E-03	0.000394934
300.07	4.99655	4.00E-03	0.000394934
349.997	4.99451	4.00E-03	0.000396596
349.997	4.99473	4.00E-03	0.000396596
399.907	4.99216	4.00E-03	0.000398257
450.019	4.98989	4.00E-03	0.000399925
450.019	4.98992	4.00E-03	0.000399925
499.936	4.98756	4.00E-03	0.000401586
499.934	4.98736	4.00E-03	0.000401586
550.042	4.98449	4.00E-03	0.000403253
599.964	4.98118	4.00E-03	0.000404915
599.963	4.98127	4.00E-03	0.000404915
650.062	4.97755	4.00E-03	0.000406582
650.062	4.97746	4.00E-03	0.000406582
699.986	4.97384	4.00E-03	0.000408243
750.094	4.96999	4.00E-03	0.000409911
750.096	4.96977	4.00E-03	0.000409911
800.012	4.96513	4.00E-03	0.000411572
800.01	4.96531	4.00E-03	0.000411572
849.933	4.96012	4.00E-03	0.000413234
900.036	4.95481	4.00E-03	0.000414901
900.036	4.95499	4.00E-03	0.000414901
949.956	4.94923	4.00E-03	0.000416562
949.957	4.94928	4.00E-03	0.000416562
1000.06	4.94349	4.00E-03	0.00041823
1049.98	4.93664	4.00E-03	0.000419891
1049.98	4.93657	4.00E-03	0.000419891
1100.08	4.92972	4.00E-03	0.000421559
1100.08	4.92978	4.00E-03	0.000421559
1150	4.92225	4.00E-03	0.00042322
1199.92	4.91423	4.00E-03	0.000424881
1199.92	4.91407	4.00E-03	0.000424881
1250.03	4.90572	4.00E-03	0.000426549
1250.03	4.90546	4.00E-03	0.000426549
1299.95	4.89666	4.00E-03	0.00042821
1350.05	4.88689	4.00E-03	0.000429878
1350.05	4.887	4.00E-03	0.000429878
1399.97	4.87637	4.00E-03	0.000431539
1399.97	4.8763	4.00E-03	0.000431539
1450.08	4.86531	4.00E-03	0.000433207
1500	4.85378	4.00E-03	0.000434868
1500	4.85393	4.00E-03	0.000434868
1549.92	4.84103	4.00E-03	0.000436529
1549.92	4.841	4.00E-03	0.000436529
1600.02	4.82748	4.00E-03	0.000438197
1649.94	4.81304	4.00E-03	0.000439858
1649.94	4.81335	4.00E-03	0.000439858
1700.05	4.79801	4.00E-03	0.000441525
1700.05	4.79782	4.00E-03	0.000441525
1749.97	4.78191	4.00E-03	0.000443187
1800.07	4.76452	4.00E-03	0.000444854
1800.07	4.76432	4.00E-03	0.000444854
1849.99	4.74618	4.00E-03	0.000446515
1849.99	4.74604	4.00E-03	0.000446515
1900.1	4.72658	4.00E-03	0.000448183
1950.01	4.70586	4.00E-03	0.000449844
1950.01	4.70584	4.00E-03	0.000449844
1999.93	4.68403	4.00E-03	0.000451505
1999.93	4.68383	4.00E-03	0.000451505
2050.04	4.66032	4.00E-03	0.000453173
2099.96	4.63568	4.00E-03	0.000454834
2099.96	4.63569	4.00E-03	0.000454834
2150.07	4.60966	4.00E-03	0.000456502
2150.06	4.60951	4.00E-03	0.000456502
2199.99	4.58209	4.00E-03	0.000458163
2250.09	4.55336	4.00E-03	0.000459831
2250.09	4.55329	4.00E-03	0.000459831
2300.01	4.52307	4.00E-03	0.000461492
2300.01	4.52297	4.00E-03	0.000461492
2349.93	4.49188	4.00E-03	0.000463153
2400.03	4.45888	4.00E-03	0.000464821
2400.04	4.45882	4.00E-03	0.000464821
2449.95	4.42506	4.00E-03	0.000466482
2449.95	4.42469	4.00E-03	0.000466482
2500.05	4.3897	4.00E-03	0.000468149
2549.97	4.3542	4.00E-03	0.000469811
2549.97	4.35399	4.00E-03	0.000469811
2600.08	4.3175	4.00E-03	0.000471478
2600.08	4.31728	4.00E-03	0.000471478
2650	4.28061	4.00E-03	0.00047314
2700.11	4.2436	4.00E-03	0.000474807
2700.11	4.24344	4.00E-03	0.000474807
2750.03	4.20687	4.00E-03	0.000476469
2750.03	4.20672	4.00E-03	0.000476469
2799.95	4.17035	4.00E-03	0.00047813
2850.05	4.13474	4.00E-03	0.000479797
2850.05	4.13453	4.00E-03	0.000479797
2899.97	4.10069	4.00E-03	0.000481459
2950.08	4.06768	4.00E-03	0.000483126
2950.07	4.06756	4.00E-03	0.000483126
2999.99	4.0366	4.00E-03	0.000484787
2999.99	4.03654	4.00E-03	0.000484787
3050.11	4.00817	4.00E-03	0.000486455
3100.02	3.98179	4.00E-03	0.000488116
3100.02	3.98177	4.00E-03	0.000488116
3149.94	3.95827	4.00E-03	0.000489778
3149.94	3.95855	4.00E-03	0.000489778
3200.04	3.938	4.00E-03	0.000491445
3249.96	3.9208	4.00E-03	0.000493106
3300.07	3.90674	4.00E-03	0.000494774
3300.07	3.90713	4.00E-03	0.000494774
3349.99	3.89616	4.00E-03	0.000496435
3397.97	3.89054	4.00E-03	0.000498032
3400.09	3.88894	4.00E-03	0.000498103
3450.01	3.88477	4.00E-03	0.000499764
3450.01	3.88476	4.00E-03	0.000499764
3499.93	3.88345	4.00E-03	0.000501425
3550.04	3.88521	4.00E-03	0.000503093
3550.04	3.8853	4.00E-03	0.000503093
3599.96	3.8895	4.00E-03	0.000504754
3599.96	3.88952	4.00E-03	0.000504754
3650.06	3.89633	4.00E-03	0.000506422
3699.98	3.90513	4.00E-03	0.000508083
3699.98	3.90503	4.00E-03	0.000508083
3750.08	3.91596	4.00E-03	0.00050975
3750.09	3.91579	4.00E-03	0.000509751
3800	3.92859	4.00E-03	0.000511412
3850.11	3.94299	4.00E-03	0.000513079
3850.11	3.94285	4.00E-03	0.000513079
3900.03	3.95845	4.00E-03	0.000514741
3900.03	3.95833	4.00E-03	0.000514741
3949.95	3.97529	4.00E-03	0.000516402
4000.05	3.993	4.00E-03	0.000518069
4000.05	3.99274	4.00E-03	0.000518069
4049.97	4.01129	4.00E-03	0.000519731
4049.97	4.01091	4.00E-03	0.000519731
4100.08	4.03018	4.00E-03	0.000521398
4150	4.04969	4.00E-03	0.00052306
4150	4.04917	4.00E-03	0.00052306
4200.1	4.06934	4.00E-03	0.000524727
4200.1	4.06874	4.00E-03	0.000524727
4250.02	4.08873	4.00E-03	0.000526388
4299.94	4.10875	4.00E-03	0.00052805
4299.94	4.10837	4.00E-03	0.00052805
4350.05	4.12841	4.00E-03	0.000529717
4350.05	4.12801	4.00E-03	0.000529717
4399.97	4.14817	4.00E-03	0.000531379
4450.08	4.16795	4.00E-03	0.000533046
4450.07	4.1674	4.00E-03	0.000533046
4499.99	4.18698	4.00E-03	0.000534707
4499.99	4.1866	4.00E-03	0.000534707
4550.1	4.206	4.00E-03	0.000536375
4600.01	4.22483	4.00E-03	0.000538036
4600.02	4.22432	4.00E-03	0.000538036
4649.94	4.24303	4.00E-03	0.000539698
4649.94	4.24235	4.00E-03	0.000539698
4700.04	4.26077	4.00E-03	0.000541365
4749.96	4.27845	4.00E-03	0.000543026
4749.96	4.2781	4.00E-03	0.000543026
4800.07	4.2957	4.00E-03	0.000544694
4800.07	4.29535	4.00E-03	0.000544694
4849.98	4.31218	4.00E-03	0.000546355
4900.09	4.32857	4.00E-03	0.000548023
4900.09	4.32815	4.00E-03	0.000548023
4950.01	4.34454	4.00E-03	0.000549684
4950.01	4.34419	4.00E-03	0.000549684
5000.11	4.36025	4.00E-03	0.000551351
5050.03	4.37493	4.00E-03	0.000553012
5050.03	4.37459	4.00E-03	0.000553012
5099.96	4.38965	4.00E-03	0.000554674
5099.96	4.38917	4.00E-03	0.000554674
5150.06	4.40357	4.00E-03	0.000556341
5199.98	4.4174	4.00E-03	0.000558003
5199.98	4.41726	4.00E-03	0.000558003
5250.08	4.43075	4.00E-03	0.00055967
5250.08	4.43046	4.00E-03	0.00055967
5300	4.44367	4.00E-03	0.000561331
5350.11	4.45639	4.00E-03	0.000562999
5350.11	4.45616	4.00E-03	0.000562999
5400.03	4.4685	4.00E-03	0.00056466
5400.03	4.46839	4.00E-03	0.00056466
5449.95	4.48016	4.00E-03	0.000566322
5500.06	4.492	4.00E-03	0.000567989
5500.05	4.49158	4.00E-03	0.000567989
5549.97	4.50317	4.00E-03	0.00056965
5549.97	4.50279	4.00E-03	0.00056965
5600.08	4.51377	4.00E-03	0.000571318
5649.99	4.52454	4.00E-03	0.000572979
5650	4.52424	4.00E-03	0.000572979
5700.1	4.53444	4.00E-03	0.000574647
5700.1	4.53426	4.00E-03	0.000574647
5750.02	4.54432	4.00E-03	0.000576308
5800.13	4.55384	4.00E-03	0.000577976
5800.13	4.55384	4.00E-03	0.000577976
5850.04	4.56312	4.00E-03	0.000579637
5850.05	4.56318	4.00E-03	0.000579637
5899.96	4.57218	4.00E-03	0.000581298
5950.07	4.58093	4.00E-03	0.000582966
5950.07	4.58098	4.00E-03	0.000582966
5999.99	4.58945	4.00E-03	0.000584627
5999.99	4.58941	4.00E-03	0.000584627
6050.09	4.59769	4.00E-03	0.000586294
6100.02	4.60576	4.00E-03	0.000587956
6100.02	4.60576	4.00E-03	0.000587956
6150.12	4.6135	4.00E-03	0.000589623
6150.29	4.61255	4.00E-03	0.000589629
6200.04	4.62096	4.00E-03	0.000591285
6249.95	4.62876	4.00E-03	0.000592946
6249.96	4.62849	4.00E-03	0.000592946
6300.06	4.63533	4.00E-03	0.000594613
6300.07	4.63532	4.00E-03	0.000594614
6349.98	4.64233	4.00E-03	0.000596275
6400.09	4.64895	4.00E-03	0.000597942
6400.09	4.64887	4.00E-03	0.000597942
6450.01	4.65576	4.00E-03	0.000599604
6450	4.65549	4.00E-03	0.000599603
6500.11	4.66182	4.00E-03	0.000601271
6550.03	4.66794	4.00E-03	0.000602932
6550.03	4.66779	4.00E-03	0.000602932
6599.95	4.67392	4.00E-03	0.000604594
6650.06	4.67959	4.00E-03	0.000606261
6699.98	4.68515	4.00E-03	0.000607923
6699.98	4.68512	4.00E-03	0.000607923
6750.08	4.69059	4.00E-03	0.00060959
6800	4.69616	4.00E-03	0.000611251
6850.11	4.70135	4.00E-03	0.000612919
6850.11	4.70106	4.00E-03	0.000612919
6900.02	4.70633	4.00E-03	0.00061458
6950.13	4.71121	4.00E-03	0.000616248
6950.13	4.71127	4.00E-03	0.000616248
7000.05	4.71591	4.00E-03	0.000617909
7000.05	4.71615	4.00E-03	0.000617909
7049.97	4.72061	4.00E-03	0.00061957
7100.08	4.72529	4.00E-03	0.000621238
7100.08	4.72523	4.00E-03	0.000621238
7149.99	4.72966	4.00E-03	0.000622899
7149.99	4.72957	4.00E-03	0.000622899
7200.1	4.73364	4.00E-03	0.000624567
7250.02	4.7381	4.00E-03	0.000626228
7250.02	4.73812	4.00E-03	0.000626228
7300.12	4.74238	4.00E-03	0.000627895
7300.12	4.74234	4.00E-03	0.000627895
7350.05	4.74616	4.00E-03	0.000629557
7399.96	4.75029	4.00E-03	0.000631218
7399.96	4.75021	4.00E-03	0.000631218
7450.07	4.75415	4.00E-03	0.000632886
7450.07	4.75428	4.00E-03	0.000632886
7499.98	4.7581	4.00E-03	0.000634547
7550.09	4.76151	4.00E-03	0.000636214
7550.09	4.76154	4.00E-03	0.000636214
7600.01	4.76504	4.00E-03	0.000637876
7600.01	4.76505	4.00E-03	0.000637876
7650.12	4.76855	4.00E-03	0.000639543
7700.04	4.77169	4.00E-03	0.000641205
7700.04	4.7716	4.00E-03	0.000641205
7749.95	4.77513	4.00E-03	0.000642866
7749.95	4.77515	4.00E-03	0.000642866
7800.06	4.77833	4.00E-03	0.000644533
7849.98	4.78145	4.00E-03	0.000646195
7849.98	4.78133	4.00E-03	0.000646195
7900.09	4.78455	4.00E-03	0.000647862
7900.08	4.78423	4.00E-03	0.000647862
7950	4.78756	4.00E-03	0.000649523
8000.11	4.79035	4.00E-03	0.000651191
8000.11	4.79019	4.00E-03	0.000651191
8050.03	4.79306	4.00E-03	0.000652852
8050.03	4.79301	4.00E-03	0.000652852
8100.13	4.79594	4.00E-03	0.00065452
8150.05	4.79854	4.00E-03	0.000656181
8150.05	4.79859	4.00E-03	0.000656181
8199.97	4.8014	4.00E-03	0.000657842
8199.97	4.80149	4.00E-03	0.000657842
8250.08	4.80388	4.00E-03	0.00065951
8300	4.80649	4.00E-03	0.000661171
8300	4.80657	4.00E-03	0.000661171
8350.1	4.80902	4.00E-03	0.000662838
8350.1	4.80922	4.00E-03	0.000662838
8400.02	4.81147	4.00E-03	0.0006645
8450.13	4.81385	4.00E-03	0.000666167
8450.13	4.81371	4.00E-03	0.000666167
8500.05	4.81605	4.00E-03	0.000667829
8500.05	4.81623	4.00E-03	0.000667829
8549.97	4.81824	4.00E-03	0.00066949
8600.07	4.82064	4.00E-03	0.000671157
8600.07	4.82081	4.00E-03	0.000671157
8649.99	4.82284	4.00E-03	0.000672819
8649.99	4.82295	4.00E-03	0.000672819
8700.1	4.82494	4.00E-03	0.000674486
8750.01	4.82708	4.00E-03	0.000676147
8750.02	4.82706	4.00E-03	0.000676148
8800.12	4.82918	4.00E-03	0.000677815
8800.12	4.82923	4.00E-03	0.000677815
8850.04	4.83117	4.00E-03	0.000679476
8900.15	4.83314	4.00E-03	0.000681144
8900.14	4.83314	4.00E-03	0.000681144
8950.07	4.83494	4.00E-03	0.000682805
8950.06	4.83507	4.00E-03	0.000682805
8999.98	4.83694	4.00E-03	0.000684466
9050.09	4.8388	4.00E-03	0.000686134
9050.09	4.83884	4.00E-03	0.000686134
9100.01	4.84066	4.00E-03	0.000687795
9100.01	4.8405	4.00E-03	0.000687795
9150.11	4.84246	4.00E-03	0.000689463
9200.03	4.84414	4.00E-03	0.000691124
9200.03	4.84419	4.00E-03	0.000691124
9250.14	4.84586	4.00E-03	0.000692792
9250.14	4.84588	4.00E-03	0.000692792
9300.06	4.84768	4.00E-03	0.000694453
9349.98	4.84931	4.00E-03	0.000696114
9349.98	4.84908	4.00E-03	0.000696114
9400.08	4.85077	4.00E-03	0.000697782
9400.08	4.8509	4.00E-03	0.000697782
9450	4.85259	4.00E-03	0.000699443
9500.11	4.85413	4.00E-03	0.000701111
9500.11	4.85409	4.00E-03	0.000701111
9550.03	4.85551	4.00E-03	0.000702772
9550.03	4.85543	4.00E-03	0.000702772
9600.13	4.85712	4.00E-03	0.000704439
9650.05	4.85871	4.00E-03	0.000706101
9650.05	4.85872	4.00E-03	0.000706101
9699.97	4.86002	4.00E-03	0.000707762
9699.97	4.86019	4.00E-03	0.000707762
9750.08	4.86164	4.00E-03	0.00070943
9800	4.86296	4.00E-03	0.000711091
9800	4.86294	4.00E-03	0.000711091
9850.1	4.86423	4.00E-03	0.000712758
9850.1	4.86429	4.00E-03	0.000712758
9900.02	4.86554	4.00E-03	0.00071442
9950.12	4.86675	4.00E-03	0.000716087
9950.12	4.86683	4.00E-03	0.000716087
10000	4.86835	4.00E-03	0.000717747
10000	4.86849	4.00E-03	0.000717747
10050.1	4.8695	4.00E-03	0.000719414
10100.1	4.87085	4.00E-03	0.000721078
10100.1	4.87054	4.00E-03	0.000721078
10150	4.87203	4.00E-03	0.000722739
10150	4.87181	4.00E-03	0.000722739
10200.1	4.8731	4.00E-03	0.000724406
10250	4.87443	4.00E-03	0.000726067
10250	4.87434	4.00E-03	0.000726067
10300.1	4.87547	4.00E-03	0.000727734
10300.1	4.87565	4.00E-03	0.000727734
10350	4.87667	4.00E-03	0.000729395
10400.1	4.87785	4.00E-03	0.000731062
10400.1	4.87796	4.00E-03	0.000731062
10450.1	4.87892	4.00E-03	0.000732726
10450.4	4.87951	4.00E-03	0.000732736
10500	4.88015	4.00E-03	0.000734387
10550.1	4.88135	4.00E-03	0.000736054
10550.1	4.88122	4.00E-03	0.000736054
10600	4.8825	4.00E-03	0.000737715
10603.8	4.88126	4.00E-03	0.000737841
10650.1	4.88342	4.00E-03	0.000739382
10700	4.88445	4.00E-03	0.000741043
10700	4.88428	4.00E-03	0.000741043
10750.1	4.88545	4.00E-03	0.00074271
10800.1	4.88629	4.00E-03	0.000744374
10850	4.88743	4.00E-03	0.000746035
10850	4.88735	4.00E-03	0.000746035
10900.1	4.88849	4.00E-03	0.000747702
10950	4.88936	4.00E-03	0.000749363
11000.1	4.89032	4.00E-03	0.00075103
11000.1	4.89047	4.00E-03	0.00075103
11050	4.89123	4.00E-03	0.000752691
11100.1	4.89212	4.00E-03	0.000754358
11150	4.89297	4.00E-03	0.000756019
11150	4.89302	4.00E-03	0.000756019
11200.2	4.89384	4.00E-03	0.00075769
11250.1	4.89463	4.00E-03	0.00075935
11250.1	4.89473	4.00E-03	0.00075935
11300	4.89558	4.00E-03	0.000761011
11300	4.89569	4.00E-03	0.000761011
11350.1	4.89627	4.00E-03	0.000762678
11400	4.89729	4.00E-03	0.000764339
11400	4.89724	4.00E-03	0.000764339
11450.1	4.89812	4.00E-03	0.000766006
11450.1	4.89816	4.00E-03	0.000766006
11500	4.89889	4.00E-03	0.000767667
11550.1	4.89995	4.00E-03	0.000769334
11550.1	4.89961	4.00E-03	0.000769334
11600.1	4.90041	4.00E-03	0.000770998
11600.1	4.90067	4.00E-03	0.000770998
11650	4.90122	4.00E-03	0.000772659
11650	4.90141	4.00E-03	0.000772659
11700.1	4.90219	4.00E-03	0.000774326
11750	4.90303	4.00E-03	0.000775987
11750	4.90312	4.00E-03	0.000775987
11800.1	4.9038	4.00E-03	0.000777654
11850	4.90459	4.00E-03	0.000779315
11850	4.90447	4.00E-03	0.000779315
11900.1	4.90515	4.00E-03	0.000780982
11900.1	4.90503	4.00E-03	0.000780982
11950.1	4.90591	4.00E-03	0.000782646
12000.2	4.90658	4.00E-03	0.000784313
12000.2	4.90648	4.00E-03	0.000784313
12050.1	4.90714	4.00E-03	0.000785974
12050.1	4.90722	4.00E-03	0.000785974
12100	4.90779	4.00E-03	0.000787635
12150.1	4.9085	4.00E-03	0.000789302
12150.1	4.90861	4.00E-03	0.000789302
12200	4.90931	4.00E-03	0.000790963
12200	4.90926	4.00E-03	0.000790963
12250.1	4.91009	4.00E-03	0.00079263
12300.1	4.9106	4.00E-03	0.000794294
12300.1	4.91064	4.00E-03	0.000794294
12350.2	4.91134	4.00E-03	0.000795961
12350.2	4.91138	4.00E-03	0.000795961
12400.1	4.91184	4.00E-03	0.000797622
12450	4.91226	4.00E-03	0.000799283
12450	4.91241	4.00E-03	0.000799283
12500.1	4.91234	4.00E-03	0.00080095
12500.1	4.9128	4.00E-03	0.00080095
12550	4.91358	4.00E-03	0.000802611
12600.1	4.91422	4.00E-03	0.000804278
12600.1	4.91442	4.00E-03	0.000804278
12650	4.91464	4.00E-03	0.000805939
12650	4.91488	4.00E-03	0.000805939
12700.2	4.91565	4.00E-03	0.000807609
12750.1	4.91613	4.00E-03	0.00080927
12750.1	4.91612	4.00E-03	0.00080927
12800	4.91663	4.00E-03	0.000810931
12800	4.91645	4.00E-03	0.000810931
12850.1	4.91721	4.00E-03	0.000812598
12900	4.91754	4.00E-03	0.000814259
12900	4.91775	4.00E-03	0.000814259
12950.1	4.91805	4.00E-03	0.000815926
13000	4.91868	4.00E-03	0.000817587
13050.1	4.91931	4.00E-03	0.000819254
13050.1	4.91922	4.00E-03	0.000819254
13100.1	4.91972	4.00E-03	0.000820918
13150.2	4.9203	4.00E-03	0.000822585
13150.2	4.92036	4.00E-03	0.000822585
13200.1	4.9208	4.00E-03	0.000824246
13200.1	4.92091	4.00E-03	0.000824246
13250	4.92136	4.00E-03	0.000825907
13300.1	4.92172	4.00E-03	0.000827574
13300.1	4.92187	4.00E-03	0.000827574
13350	4.9223	4.00E-03	0.000829235
13350	4.92222	4.00E-03	0.000829235
13400.1	4.92273	4.00E-03	0.000830902
13450.1	4.92325	4.00E-03	0.000832566
13450.1	4.92346	4.00E-03	0.000832566
13500.2	4.92383	4.00E-03	0.000834233
13500.2	4.9237	4.00E-03	0.000834233
13550.1	4.92426	4.00E-03	0.000835894
13600	4.92471	4.00E-03	0.000837555
13600	4.9246	4.00E-03	0.000837555
13650.1	4.92517	4.00E-03	0.000839222
13650.1	4.92506	4.00E-03	0.000839222
13700	4.92539	4.00E-03	0.000840883
13750.1	4.92594	4.00E-03	0.00084255
13750.1	4.92605	4.00E-03	0.00084255
13800.1	4.92636	4.00E-03	0.000844214
13800.1	4.9265	4.00E-03	0.000844214
13850.2	4.92692	4.00E-03	0.000845881
13900.1	4.92745	4.00E-03	0.000847542
13900.1	4.92729	4.00E-03	0.000847542
13950	4.92771	4.00E-03	0.000849203
13950	4.92788	4.00E-03	0.000849203
14000.1	4.92813	4.00E-03	0.00085087
14050	4.92864	4.00E-03	0.000852531
14050	4.92857	4.00E-03	0.000852531
14100.1	4.92866	4.00E-03	0.000854198
14100.1	4.92883	4.00E-03	0.000854198
14150	4.92934	4.00E-03	0.000855859
14200.1	4.92959	4.00E-03	0.000857526
14200.1	4.92976	4.00E-03	0.000857526
14250.1	4.93014	4.00E-03	0.00085919
14250.1	4.93017	4.00E-03	0.00085919
14300.2	4.93044	4.00E-03	0.000860857
14350.1	4.93089	4.00E-03	0.000862518
14350.1	4.9309	4.00E-03	0.000862518
14400	4.93137	4.00E-03	0.000864179
14400	4.93167	4.00E-03	0.000864179
14450.1	4.93174	4.00E-03	0.000865846
14500	4.93209	4.00E-03	0.000867507
14500	4.93209	4.00E-03	0.000867507
14550.1	4.9325	4.00E-03	0.000869174
14550.1	4.93238	4.00E-03	0.000869174
14600.1	4.9327	4.00E-03	0.000870838
14650.2	4.93333	4.00E-03	0.000872505
14650.2	4.9334	4.00E-03	0.000872505
14700.1	4.9335	4.00E-03	0.000874166
14700.1	4.93384	4.00E-03	0.000874166
14750	4.93414	4.00E-03	0.000875827
14800.1	4.9345	4.00E-03	0.000877494
14800.1	4.93458	4.00E-03	0.000877494
14850	4.93482	4.00E-03	0.000879155
14850	4.93487	4.00E-03	0.000879155
14900.1	4.93508	4.00E-03	0.000880822
14950.1	4.93535	4.00E-03	0.000882486
14950.1	4.9353	4.00E-03	0.000882486
15000.2	4.93576	4.00E-03	0.000884153
15000.2	4.93573	4.00E-03	0.000884153
15050.1	4.93612	4.00E-03	0.000885814
15100.2	4.93631	4.00E-03	0.000887481
15100.2	4.93627	4.00E-03	0.000887481
15150.1	4.93667	4.00E-03	0.000889142
15150.1	4.93692	4.00E-03	0.000889142
15200	4.93718	4.00E-03	0.000890802
15250.1	4.93752	4.00E-03	0.00089247
15250.1	4.9375	4.00E-03	0.00089247
15300	4.93784	4.00E-03	0.00089413
15300	4.93777	4.00E-03	0.00089413
15350.2	4.93816	4.00E-03	0.000895801
15400.1	4.93827	4.00E-03	0.000897462
15400.1	4.93841	4.00E-03	0.000897462
15450.2	4.93883	4.00E-03	0.000899129
15450.2	4.93858	4.00E-03	0.000899129
15500.1	4.93901	4.00E-03	0.00090079
15550	4.93912	4.00E-03	0.00090245
15550	4.93919	4.00E-03	0.00090245
15600.1	4.9396	4.00E-03	0.000904118
15600.1	4.93946	4.00E-03	0.000904118
15650	4.93983	4.00E-03	0.000905778
15700.1	4.94016	4.00E-03	0.000907446
15700.1	4.94014	4.00E-03	0.000907446
15750.1	4.94026	4.00E-03	0.00090911
15750.1	4.94038	4.00E-03	0.00090911
15800.2	4.94049	4.00E-03	0.000910777
15850.1	4.94102	4.00E-03	0.000912438
15850.1	4.94106	4.00E-03	0.000912438
15900	4.94114	4.00E-03	0.000914098
15900	4.94117	4.00E-03	0.000914098
15950.1	4.94156	4.00E-03	0.000915766
16000	4.94169	4.00E-03	0.000917426
16000	4.94158	4.00E-03	0.000917426
16050.1	4.9418	4.00E-03	0.000919094
16050.1	4.94185	4.00E-03	0.000919094
16100.1	4.94224	4.00E-03	0.000920758
16150.2	4.94261	4.00E-03	0.000922425
16150.2	4.9425	4.00E-03	0.000922425
16200.1	4.94299	4.00E-03	0.000924086
16200.1	4.94291	4.00E-03	0.000924086
16250.2	4.94316	4.00E-03	0.000925753
16300.1	4.94353	4.00E-03	0.000927414
16300.1	4.94334	4.00E-03	0.000927414
16350	4.94361	4.00E-03	0.000929074
16350	4.94368	4.00E-03	0.000929074
16400.1	4.94385	4.00E-03	0.000930742
16450.1	4.94411	4.00E-03	0.000932406
16450.1	4.94414	4.00E-03	0.000932406
16500.2	4.94444	4.00E-03	0.000934073
16500.2	4.94447	4.00E-03	0.000934073
16550.1	4.94471	4.00E-03	0.000935734
16600.2	4.94475	4.00E-03	0.000937401
16600.2	4.94483	4.00E-03	0.000937401
16650.1	4.94497	4.00E-03	0.000939062
16650.1	4.94511	4.00E-03	0.000939062
16700	4.9453	4.00E-03	0.000940722
16750.1	4.94559	4.00E-03	0.00094239
16750.1	4.94546	4.00E-03	0.00094239
16800	4.94569	4.00E-03	0.00094405
16800	4.94583	4.00E-03	0.00094405
16850.1	4.9461	4.00E-03	0.000945718
16900.1	4.9465	4.00E-03	0.000947382
16900.1	4.94639	4.00E-03	0.000947382
16950.2	4.94661	4.00E-03	0.000949049
16950.2	4.94661	4.00E-03	0.000949049
17000.1	4.94699	4.00E-03	0.00095071
17050	4.94723	4.00E-03	0.00095237
17050	4.94681	4.00E-03	0.00095237
17100.1	4.94731	4.00E-03	0.000954038
17100.1	4.94729	4.00E-03	0.000954038
17150	4.94765	4.00E-03	0.000955698
17200.1	4.94762	4.00E-03	0.000957366
17200.1	4.94765	4.00E-03	0.000957366
17250.1	4.94801	4.00E-03	0.00095903
17250.1	4.94791	4.00E-03	0.00095903
17300.2	4.94827	4.00E-03	0.000960697
17350.1	4.94861	4.00E-03	0.000962358
17350.1	4.94824	4.00E-03	0.000962358
17400.2	4.94848	4.00E-03	0.000964025
17400.2	4.94854	4.00E-03	0.000964025
17450.1	4.94884	4.00E-03	0.000965686
17500	4.9491	4.00E-03	0.000967346
17500	4.94899	4.00E-03	0.000967346
17550.1	4.94912	4.00E-03	0.000969014
17550.1	4.94909	4.00E-03	0.000969014
17600.1	4.94941	4.00E-03	0.000970678
17650.2	4.94956	4.00E-03	0.000972345
17650.2	4.94957	4.00E-03	0.000972345
17700.1	4.94957	4.00E-03	0.000974006
17750.2	4.95001	4.00E-03	0.000975673
17800.1	4.95026	4.00E-03	0.000977334
17800.1	4.9503	4.00E-03	0.000977334
17850	4.95047	4.00E-03	0.000978994
17900.1	4.95067	4.00E-03	0.000980662
17900.1	4.95063	4.00E-03	0.000980662
17950	4.95096	4.00E-03	0.000982322
17950	4.95092	4.00E-03	0.000982322
18000.2	4.95092	4.00E-03	0.000983993
18050.1	4.95117	4.00E-03	0.000985654
18050.1	4.95096	4.00E-03	0.000985654
18100.2	4.95137	4.00E-03	0.000987321
18100.2	4.95141	4.00E-03	0.000987321
18150.1	4.9516	4.00E-03	0.000988982
18200.2	4.95183	4.00E-03	0.000990649
18200.2	4.95188	4.00E-03	0.000990649
18250.1	4.95193	4.00E-03	0.00099231
18250.1	4.95198	4.00E-03	0.00099231
18300	4.95214	4.00E-03	0.00099397
18350.2	4.95251	4.00E-03	0.000995641
18350.1	4.95239	4.00E-03	0.000995637
18400.1	4.95237	4.00E-03	0.000997301
18400.1	4.95253	4.00E-03	0.000997301
18450.2	4.95265	4.00E-03	0.000998969
18500.1	4.95303	4.00E-03	0.001000629
18500.1	4.95294	4.00E-03	0.001000629
18550.2	4.95303	4.00E-03	0.001002297
18550.2	4.95304	4.00E-03	0.001002297
18600.1	4.95325	4.00E-03	0.001003957
18650	4.95334	4.00E-03	0.001005618
18650	4.95337	4.00E-03	0.001005618
18700.1	4.95355	4.00E-03	0.001007285
18700.1	4.95336	4.00E-03	0.001007285
18750.1	4.9538	4.00E-03	0.001008949
18800.2	4.95383	4.00E-03	0.001010617
18800.2	4.95384	4.00E-03	0.001010617
18850.1	4.95405	4.00E-03	0.001012277
18850.1	4.95392	4.00E-03	0.001012277
18900.2	4.95404	4.00E-03	0.001013945
18950.1	4.95433	4.00E-03	0.001015605
18950.1	4.95452	4.00E-03	0.001015605
19000	4.95466	4.00E-03	0.001017266
19000	4.95456	4.00E-03	0.001017266
19050.1	4.9548	4.00E-03	0.001018933
19100.1	4.95499	4.00E-03	0.001020597
19100.1	4.95498	4.00E-03	0.001020597
19150.2	4.95518	4.00E-03	0.001022265
19150.2	4.95493	4.00E-03	0.001022265
19200.1	4.95505	4.00E-03	0.001023925
19250.2	4.95531	4.00E-03	0.001025593
19250.2	4.95519	4.00E-03	0.001025593
19300.1	4.95524	4.00E-03	0.001027253
19300.1	4.95516	4.00E-03	0.001027253
19350.2	4.95566	4.00E-03	0.001028921
19400.1	4.95574	4.00E-03	0.001030581
19400.1	4.9558	4.00E-03	0.001030581
19450	4.95584	4.00E-03	0.001032242
19450	4.95588	4.00E-03	0.001032242
19500.2	4.95612	4.00E-03	0.001033913
19550.1	4.95625	4.00E-03	0.001035573
19550.1	4.95601	4.00E-03	0.001035573
19600.2	4.95614	4.00E-03	0.001037241
19600.2	4.9563	4.00E-03	0.001037241
19650.1	4.95637	4.00E-03	0.001038901
19700.2	4.95663	4.00E-03	0.001040569
19700.2	4.95665	4.00E-03	0.001040569
19750.1	4.95671	4.00E-03	0.001042229
19750.1	4.95681	4.00E-03	0.001042229
19800	4.95705	4.00E-03	0.00104389
19850.1	4.95723	4.00E-03	0.001045557
19850.1	4.9571	4.00E-03	0.001045557
19900.1	4.95742	4.00E-03	0.001047221
19900.1	4.95722	4.00E-03	0.001047221
19950.2	4.95742	4.00E-03	0.001048889
20000.1	4.9574	4.00E-03	0.001050549